      Marker      Dnumber      sex-ave(cM)      female(cM)        male(cM)

    1 AFMa134wh5  D11S1363            0.00             0.00             0.00
                              2.11             0.00             3.45
    2 GGAA17G05   D11S1984            2.11             0.00             3.45
                              0.00             0.00             0.00
    3 AFM217yb10  D11S922             2.11             0.00             3.45
                              0.00             0.00             0.00
    4 AFMb355za9  D11S4177            2.11             0.00             3.45
                              0.68             1.09             0.00
    5 AFMb042yf5  D11S4046            2.79             1.09             3.45
                              2.05             0.00             4.36
    6 AFM218xe1   D11S1318            4.84             1.09             7.81
                              2.19             0.00             4.37
    7 AFM098yb3   D11S1758            7.03             1.09            12.18
                              0.00             0.00             0.00
    8 AFMa155te9  D11S4088            7.03             1.09            12.18
                              1.61             1.07             2.15
    9 Mfd257      D11S988             8.64             2.16            14.33
                              0.00             0.00             0.00
   10 AFMb072we5  D11S4146            8.64             2.16            14.33
                              0.00             0.00             0.00
   11 UT8115      D11S1923            8.64             2.16            14.33
                              0.00             0.00             0.00
   12 UT637       D11S1288            8.64             2.16            14.33
                              0.26             0.31             0.00
   13 ATA33B03    D11S2362            8.90             2.47            14.33
                              0.28             0.76             0.00
   14 AFMc006xb9  D11S4181            9.18             3.23            14.33
                              1.87             0.00             4.27
   15 Mfd360      D11S1871           11.05             3.23            18.60
                              0.00             0.00             0.00
   16 AFMa323yd5  D11S4124           11.05             3.23            18.60
                              0.62             0.00             0.00
   17 AFM114yc9   D11S1760           11.67             3.23            18.60
                              0.32             2.14             0.00
   18 AFM248xf9   D11S1323           11.99             5.37            18.60
                              0.93             0.00             1.06
   19 AFM277wg1   D11S1331           12.92             5.37            19.66
                              0.00             0.00             0.00
   20 GATA13F08   Unknown            12.92             5.37            19.66
                              0.00             0.00             0.00
   21 AFM289yc5   D11S1338           12.92             5.37            19.66
                              0.00             0.00             0.00
   22 ATA22H01    D11S1996           12.92             5.37            19.66
                              1.60             3.20             0.00
   23 AFMb285xh9  D11S4149           14.52             8.57            19.66
                              0.00             0.00             0.00
   24 AFM240vh2   D11S932            14.52             8.57            19.66
                              0.00             0.00             0.00
   25 AFM154xb6   D11S909            14.52             8.57            19.66
                              0.00             0.00             0.00
   26 AFM326xe1   D11S4188           14.52             8.57            19.66
                              1.60             2.13             0.54
   27 UT737       D11S1904           16.12            10.70            20.20
                              0.00             0.00             0.54
   28 AFM269za5   D11S1329           16.12            10.70            20.74
                              0.00             0.06             0.00
   29 GGAA26A06   D11S4465           16.12            10.76            20.74
                              1.07             0.13             1.06
   30 AFMa047zc5  D11S4194           17.19            10.89            21.80
                              0.00             0.62             0.00
   31 GATA23F06   D11S1999           17.19            11.51            21.80
                              0.00             0.27             0.00
   32 AFM319wa9   D11S1346           17.19            11.78            21.80
                              0.24             0.41             0.00
   33 Mfd166      D11S875            17.43            12.19            21.80
                              0.30             0.66             0.00
   34 UT7086      D11S1921           17.73            12.85            21.80
                              0.53             1.06             0.00
   35 AFM330wd5   D11S4189           18.26            13.91            21.80
                              0.00             0.02             0.00
   36 AFM323wf5   D11S1349           18.26            13.93            21.80
                              1.60             0.66             1.07
   37 AFM323xc5   D11S1794           19.86            14.59            22.87
                              0.00             1.48             0.00
   38 AFM283wg1   D11S1334           19.86            16.07            22.87
                              0.00             0.00             0.00
   39 AFM212yf12  D11S1315           19.86            16.07            22.87
                              0.00             0.00             0.00
   40 AFMa281wf5  D11S4116           19.86            16.07            22.87
                              0.54             0.00             1.06
   41 AFM224zc7   D11S926            20.40            16.07            23.93
                              0.53             1.06             0.00
   42 AFM019tb4   D11S4193           20.93            17.13            23.93
                              0.00             0.00             0.00
   43 AFM323vc1   D11S1348           20.93            17.13            23.93
                              0.00             0.00             0.00
   44 AFMb341ye5  D11S4170           20.93            17.13            23.93
                              0.00             0.00             0.00
   45 AFM166ze1   D11S1307           20.93            17.13            23.93
                              0.54             1.07             0.00
   46 AFM200zf10  D11S1310           21.47            18.20            23.93
                              0.00             0.00             0.00
   47 AFM294zg5   D11S1791           21.47            18.20            23.93
                              0.00             0.00             0.00
   48 GATA48E02   D11S1981           21.47            18.20            23.93
                              0.00             0.00             0.00
   49 GGAT1C7     D11S1397           21.47            18.20            23.93
                              0.00             0.00             0.00
   50 AFMa306xg5  D11S4121           21.47            18.20            23.93
                              0.00             0.00             0.00
   51 UT691       D11S1901           21.47            18.20            23.93
                              0.00             0.00             0.00
   52 AFMb036yh5  D11S4138           21.47            18.20            23.93
                              0.00             0.00             0.00
   53 AFM072yd3   D11S902            21.47            18.20            23.93
                              0.00             0.00             0.00
   54 Mfd58       D11S419            21.47            18.20            23.93
                              0.00             0.00             0.00
   55 AFM212xa11  D11S921            21.47            18.20            23.93
                              0.00             0.00             0.00
   56 AFMa190zg5  D11S4096           21.47            18.20            23.93
                              0.00             0.00             0.00
   57 AFMb001vb5  D11S4130           21.47            18.20            23.93
                              0.00             0.00             0.00
   58 AFMa134xe9  D11S1888           21.47            18.20            23.93
                              0.00             0.00             0.00
   59 AFMa204ya9  D11S4099           21.47            18.20            23.93
                              0.00             0.00             0.00
   60 AFMb326xf9  D11S4160           21.47            18.20            23.93
                              1.09             2.14             0.00
   61 GATA73B08   D11S2368           22.56            20.34            23.93
                              0.56             1.08             0.00
   62 AFM022th2   D11S899            23.12            21.42            23.93
                              1.61             0.00             3.01
   63 AFMa223wb9  D11S4106           24.73            21.42            26.94
                              0.00             0.00             0.00
   64 AFM189xc1   D11S1308           24.73            21.42            26.94
                              1.61             3.20             0.00
   65 AFM234wh12  D11S928            26.34            24.62            26.94
                              0.64             0.00             1.49
   66 AFM337tf1   D11S4190           26.98            24.62            28.43
                              0.00             0.00             0.00
   67 AFMa272ze9  D11S4114           26.98            24.62            28.43
                              0.00             0.00             0.00
   68 AFM210yb8   D11S1755           26.98            24.62            28.43
                              2.20             1.07             3.38
   69 Mfd282      D11S989            29.18            25.69            31.81
                              0.00             0.00             0.00
   70 AFM347tc5   D11S1359           29.18            25.69            31.81
                              0.00             0.00             0.00
   71 AFM106xd10  D11S1759           29.18            25.69            31.81
                              0.00             0.00             0.63
   72 ATA25D12    D11S2358           29.18            25.69            32.44
                              0.00             0.00             0.31
   73 GATA185H02  Unknown            29.18            25.69            32.75
                              1.70             0.00             0.18
   74 Mfd263      D11S992            30.88            25.69            32.93
                              0.00             4.01             0.00
   75 AFM178xf12  D11S915            30.88            29.70            32.93
                              1.41             0.00             1.12
   76 AFMb332xf5  D11S4163           32.29            29.70            34.05
                              0.34             0.38             0.00
   77 AFMb332zd9  D11S4164           32.63            30.08            34.05
                              0.39             0.94             0.00
   78 AFMa129xb1  D11S4086           33.02            31.02            34.05
                              0.00             0.00             0.00
   79 AFMa109zg9  D11S4080           33.02            31.02            34.05
                              0.00             0.00             0.00
   80 AFMa126xb1  D11S4084           33.02            31.02            34.05
                              0.00             0.00             0.00
   81 AFMa084yd5  D11S4204           33.02            31.02            34.05
                              0.00             0.00             0.00
*  82 ATA34E08    Unknown            33.02            31.02            34.05
                              0.00             0.00             0.00
   83 AFM093xg9   D11S1750           33.02            31.02            34.05
                              0.00             0.00             0.00
   84 AFM234xc3   D11S929            33.02            31.02            34.05
                              0.55             0.00             1.13
   85 AFM238xe5   D11S930            33.57            31.02            35.18
                              0.00             0.00             0.00
   86 AFM081za5   D11S904            33.57            31.02            35.18
                              0.00             0.00             0.00
   87 GATA129E06  Unknown            33.57            31.02            35.18
                              0.00             0.00             0.00
   88 GATA25B04   Unknown            33.57            31.02            35.18
                              1.64             0.64             2.24
   89 AFMa275yb9  D11S4115           35.21            31.66            37.42
                              0.00             0.43             0.00
   90 AFM079zd3   D11S1324           35.21            32.09            37.42
                              0.00             0.00             0.00
   91 AFMb291wg5  D11S4152           35.21            32.09            37.42
                              0.55             0.00             1.12
   92 AFM119xg3   D11S4201           35.76            32.09            38.54
                              0.00             0.00             0.00
   93 AFMb314wh1  D11S4156           35.76            32.09            38.54
                              1.86             0.38             2.48
   94 AFM248tg9   D11S1322           37.62            32.47            41.02
                              0.00             0.42             0.00
   95 GATA82A06   D11S2370           37.62            32.89            41.02
                              0.00             0.29             0.00
   96 AFM045xf2   D11S1312           37.62            33.18            41.02
                              0.00             0.13             0.00
   97 AFMb295yd1  D11S4154           37.62            33.31            41.02
                              0.00             0.00             0.00
*  98 GATA29B11   D11S2001           37.62            33.31            41.02
                              0.00             0.00             0.00
   99 AFM165yf10  D11S914            37.62            33.31            41.02
                              1.56             0.61             2.01
* 100 GATA62H06   D11S2014           39.18            33.92            43.03
                              0.94             0.23             1.76
  101 AFM198yf8   D11S1751           40.12            34.15            44.79
                              0.00             0.19             0.00
  102 AFMa041ze5  D11S1776           40.12            34.34            44.79
                              0.00             0.19             0.00
  103 AFMa218xf5  D11S4101           40.12            34.53            44.79
                              0.78             0.27             0.00
  104 UT1916      D11S1301           40.90            34.80            44.79
                              0.05             1.37             0.00
  105 GATA50B07   D11S2010           40.95            36.17            44.79
                              0.00             0.00             0.00
  106 GATA183C05  Unknown            40.95            36.17            44.79
                              1.60             3.29             0.00
  107 AFMa081tg5  D11S4200           42.55            39.46            44.79
                              0.00             0.00             0.00
  108 UT832       D11S1905           42.55            39.46            44.79
                              0.00             0.00             0.00
  109 AFM109ya1   D11S907            42.55            39.46            44.79
                              0.61             1.24             0.00
* 110 GATA6B09    D11S1392           43.16            40.70            44.79
                              2.78             4.28             1.17
  111 AFM254zb9   D11S935            45.94            44.98            45.96
                              0.00             0.00             0.56
  112 AFMa084yd1  D11S4203           45.94            44.98            46.52
                              0.00             0.00             0.22
  113 AFMc025yc5  D11S4185           45.94            44.98            46.74
                              1.12             1.06             0.22
* 114 AFMb076xf1  D11S4148           47.06            46.04            46.96
                              0.00             0.00             0.17
  115 AFMa124zf1  D11S4083           47.06            46.04            47.13
                              0.55             0.00             1.17
  116 AFMa218xg9  D11S4102           47.61            46.04            48.30
                              1.12             0.00             2.34
  117 Mfd322      D11S378            48.73            46.04            50.64
                              0.00             0.00             0.00
  118 GATA152F11  Unknown            48.73            46.04            50.64
                              1.00             2.17             0.00
  119 AFM270vb1   D11S1330           49.73            48.21            50.64
                              1.15             2.20             0.00
  120 UT1216      D11S1911           50.88            50.41            50.64
                              0.00             0.00             0.00
  121 UT465       D11S1279           50.88            50.41            50.64
                              0.00             0.00             0.00
  122 AFM362tb9   D11S1360           50.88            50.41            50.64
                              0.54             0.00             1.07
  123 CTT1D09     Unknown            51.42            50.41            51.71
                              0.53             1.07             0.00
  124 AFM105xb10  D11S905            51.95            51.48            51.71
                              0.00             0.00             0.00
  125 AFMb345yf9  D11S4173           51.95            51.48            51.71
                              1.07             1.07             1.06
  126 AFMb361xa9  D11S4180           53.02            52.55            52.77
                              0.00             0.00             0.00
  127 AFMa067yc5  D11S1779           53.02            52.55            52.77
                              0.54             0.00             1.07
  128 AFM162xg1   D11S1763           53.56            52.55            53.84
                              0.31             0.46             0.00
  129 AFM265yd1   D11S1785           53.87            53.01            53.84
                              0.22             0.61             0.00
  130 ATA1B07     D11S1993           54.09            53.62            53.84
                              0.00             0.00             0.00
  131 AFM344tb9   D11S1355           54.09            53.62            53.84
                              0.66             1.33             0.00
  132 AFM077xe1   D11S903            54.75            54.95            53.84
                              0.00             0.00             0.00
  133 GATA6C04    D11S1393           54.75            54.95            53.84
                              2.01             4.04             0.00
  134 AFMa131xd5  D11S1361           56.76            58.99            53.84
                              0.00             0.00             0.00
  135 AFM255ye1   D11S986            56.76            58.99            53.84
                              0.00             0.00             0.00
  136 AFMb018yh5  D11S4133           56.76            58.99            53.84
                              0.59             0.94             0.00
  137 AFMa219xd1  D11S4103           57.35            59.93            53.84
                              0.48             1.22             0.00
  138 UT1657      D11S1915           57.83            61.15            53.84
                              0.00             0.00             0.00
  139 GATA2A01    D11S1385           57.83            61.15            53.84
                              0.57             1.07             0.09
  140 AFMa081zc1  D11S4202           58.40            62.22            53.93
                              0.00             0.00             0.02
  141 AFMb348wd1  D11S4174           58.40            62.22            53.95
                              0.00             0.00             0.03
  142 ATA9B04     Unknown            58.40            62.22            53.98
                              0.00             0.00             0.04
  143 AFM344zg1   D11S1357           58.40            62.22            54.02
                              0.00             0.00             0.00
  144 AFM234wd2   D11S1319           58.40            62.22            54.02
                              0.00             0.00             0.00
  145 AFM211xe1   D11S1313           58.40            62.22            54.02
                              0.00             0.00             0.00
* 146 GATA6G03    D11S1395           58.40            62.22            54.02
                              0.00             0.00             0.02
  147 AFM323ye1   D11S1350           58.40            62.22            54.04
                              0.00             0.00             0.00
  148 GATA22D05   D11S1978           58.40            62.22            54.04
                              0.00             0.00             0.13
  149 GATA116F08  Unknown            58.40            62.22            54.17
                              0.00             0.00             0.07
  150 AFMa139yb9  D11S1784           58.40            62.22            54.24
                              0.00             0.00             0.06
  151 AFM255zg1   D11S1326           58.40            62.22            54.30
                              0.00             0.00             0.01
  152 AFMc012wf5  D11S4183           58.40            62.22            54.31
                              0.00             0.00             0.01
  153 GATA5G01    D11S1983           58.40            62.22            54.32
                              0.00             0.00             0.00
* 154 GGAA5C04    D11S1985           58.40            62.22            54.32
                              0.00             0.00             0.00
  155 AFM298vc9   D11S1344           58.40            62.22            54.32
                              0.00             0.00             0.00
  156 AFMa281zf1  D11S4117           58.40            62.22            54.32
                              0.00             0.00             0.00
  157 UT5178      D11S1910           58.40            62.22            54.32
                              0.00             0.00             0.00
  158 AFMa239ya9  D11S4109           58.40            62.22            54.32
                              0.00             0.00             0.00
  159 AFMb333ye1  D11S4165           58.40            62.22            54.32
                              0.00             0.00             0.09
  160 AFMa046wa9  D11S1777           58.40            62.22            54.41
                              0.00             0.00             0.03
  161 AFM284xd9   D11S1335           58.40            62.22            54.44
                              0.00             0.00             0.10
  162 UT692       D11S1290           58.40            62.22            54.54
                              0.00             0.00             0.00
  163 AFMb036ya9  D11S4137           58.40            62.22            54.54
                              0.00             0.00             0.00
  164 AFMa210yf1  D11S4075           58.40            62.22            54.54
                              0.00             0.00             0.00
  165 GATA12F04   Unknown            58.40            62.22            54.54
                              0.00             0.00             0.01
* 166 GATA43B04   D11S2005           58.40            62.22            54.55
                              0.00             0.00             0.06
  167 GATA63E11A  Unknown            58.40            62.22            54.61
                              0.84             1.62             0.00
* 168 GATA46A12   D11S2006           59.24            63.84            54.61
                              0.53             0.78             0.01
  169 UT5150      D11S1298           59.77            64.62            54.62
                              0.32             0.83             0.00
  170 AFM338wc1   D11S4191           60.09            65.45            54.62
                              0.00             0.00             0.02
  171 UT6880      D11S1920           60.09            65.45            54.64
                              1.69             3.24             0.03
  172 AFM165zc3   D11S1765           61.78            68.69            54.67
                              0.84             1.62             0.03
  173 AFMa085yc9  D11S4205           62.62            70.31            54.70
                              0.00             0.00             0.02
  174 AFMa356yg5  D11S4076           62.62            70.31            54.72
                              2.43             4.60             0.02
  175 AFM039xg3   D11S1883           65.05            74.91            54.74
                              2.43             4.60             0.03
  176 AFMb358xa9  D11S4178           67.48            79.51            54.77
                              0.00             0.00             0.03
  177 UT550       D11S1286           67.48            79.51            54.80
                              0.00             0.00             0.03
  178 AFM147xd10  D11S1889           67.48            79.51            54.83
                              0.00             0.00             0.04
  179 AFM164zf12  D11S913            67.48            79.51            54.87
                              0.00             0.00             0.03
  180 AFMa131ye5  D11S987            67.48            79.51            54.90
                              0.00             0.00             0.00
  181 AFMb304yh9  D11S4155           67.48            79.51            54.90
                              0.53             1.06             0.00
  182 UT979       D11S1296           68.01            80.57            54.90
                              0.00             0.00             0.00
  183 D11S97      D11S97             68.01            80.57            54.90
                              0.00             0.00             0.00
  184 AFMa272yb5  D11S4113           68.01            80.57            54.90
                              0.00             0.00             0.00
  185 AFMa190xd9  D11S4095           68.01            80.57            54.90
                              0.54             1.08             0.00
  186 AFM289ya9   D11S1337           68.55            81.65            54.90
                              0.00             0.00             0.00
  187 AFMa152yh1  D11S4087           68.55            81.65            54.90
                              3.05             5.34             1.06
  188 UT2548      D11S1916           71.60            86.99            55.96
                              0.00             0.00             0.00
  189 GAAT1B01    D11S1975           71.60            86.99            55.96
                              0.00             0.00             0.00
  190 AFMb032zg5  D11S4136           71.60            86.99            55.96
                              1.22             0.00             2.13
  191 AFMb331zh5  D11S4162           72.82            86.99            58.09
                              0.00             0.00             0.00
  192 AFMa059xg9  D11S4196           72.82            86.99            58.09
                              0.00             0.00             0.00
  193 AFMb038yb9  D11S4139           72.82            86.99            58.09
                              0.82             0.00             1.16
  194 AFM212xe3   D11S1314           73.64            86.99            59.25
                              1.66             2.16             1.17
  195 AFMc020yd5  D11S4184           75.30            89.15            60.42
                              0.83             2.15             0.00
  196 AFMa297wa9  D11S4119           76.13            91.30            60.42
                              0.00             0.00             0.00
  197 AFM185ya1   D11S916            76.13            91.30            60.42
                              0.00             0.00             0.00
* 198 GATA90D07   D11S2371           76.13            91.30            60.42
                              0.00             0.00             0.00
  199 AFMa103zf9  D11S4207           76.13            91.30            60.42
                              1.65             3.20             0.00
  200 AFM199yh10  D11S4128           77.78            94.50            60.42
                              0.00             0.00             0.00
  201 AFM238xe7   D11S1321           77.78            94.50            60.42
                              0.00             0.00             0.00
  202 UT693       D11S1902           77.78            94.50            60.42
                              0.00             0.00             0.00
  203 UT694       D11S1291           77.78            94.50            60.42
                              0.00             0.00             0.00
  204 AFMa115xf1  D11S4081           77.78            94.50            60.42
                              0.00             0.00             0.00
  205 UT5088      D11S1909           77.78            94.50            60.42
                              1.65             3.21             0.00
  206 AFM155xh10  D11S911            79.43            97.71            60.42
                              0.00             0.00             0.00
  207 AFMb359wh1  D11S4179           79.43            97.71            60.42
                              0.55             1.07             0.00
  208 AFMa106wa5  D11S4079           79.98            98.78            60.42
                              0.00             0.00             0.00
  209 AFM294xe1   D11S4186           79.98            98.78            60.42
                              0.00             0.00             0.00
  210 AFM282xc1   D11S1789           79.98            98.78            60.42
                              0.00             0.00             0.54
  211 AFM107xc7   D11S906            79.98            98.78            60.96
                              0.00             0.00             0.48
  212 AFM256zb5   D11S937            79.98            98.78            61.44
                              1.28             1.43             0.14
  213 AFMb334yc1  D11S4166           81.26           100.21            61.58
                              1.27             1.43             0.03
  214 AFM203vg1   D11S918            82.53           101.64            61.61
                              0.00             0.00             0.03
  215 AFM329wb5   D11S1352           82.53           101.64            61.64
                              0.04             0.21             1.10
  216 AFMb343yf5  D11S4172           82.57           101.85            62.74
                              1.26             1.22             1.17
* 217 GATA2D11    Unknown            83.83           103.07            63.91
                              0.00             0.00             0.00
  218 UT2444      D11S1306           83.83           103.07            63.91
                              0.00             0.00             0.00
  219 AFM157xe1   D11S1761           83.83           103.07            63.91
                              0.30             0.00             0.74
  220 AFMa132xh9  D11S1362           84.13           103.07            64.65
                              0.18             0.00             0.27
  221 ATA10D05    D11S1989           84.31           103.07            64.92
                              0.07             0.00             0.15
  222 ATA21A09    Unknown            84.38           103.07            65.07
                              0.00             0.00             0.00
  223 AFMb055yd1  D11S4143           84.38           103.07            65.07
                              1.10             2.14             0.00
  224 GGAA2C10    D11S1396           85.48           105.21            65.07
                              0.00             0.00             0.00
  225 GATA30G01   D11S2002           85.48           105.21            65.07
                              0.00             0.00             0.00
  226 AFM063yg1   D11S901            85.48           105.21            65.07
                              0.60             0.00             1.17
  227 AFMa141xd1  D11S1365           86.08           105.21            66.24
                              0.00             0.00             0.00
  228 AFM311wh5   D11S4187           86.08           105.21            66.24
                              0.90             0.00             1.16
  229 AFMb031we9  D11S4135           86.98           105.21            67.40
                              0.91             2.56             0.00
  230 AFMb072zg9  D11S4147           87.89           107.77            67.40
                              0.00             0.00             0.00
  231 GATA63C08   D11S2015           87.89           107.77            67.40
                              0.00             0.00             0.00
  232 GATA45H10   D11S1979           87.89           107.77            67.40
                              0.00             0.00             0.00
  233 AFM338xe1   D11S1354           87.89           107.77            67.40
                              0.00             0.00             0.00
  234 AFMa060zd5  D11S4197           87.89           107.77            67.40
                              0.60             0.00             1.17
  235 AFMa049wa5  D11S1887           88.49           107.77            68.57
                              1.20             1.28             1.17
  236 AFM144yc1   D11S4082           89.69           109.05            69.74
                              0.00             0.00             0.00
  237 GAAT3A05    Unknown            89.69           109.05            69.74
                              0.00             0.00             0.00
  238 Mfd216      D11S896            89.69           109.05            69.74
                              0.60             1.28             0.00
  239 AFMa082wb9  D11S1780           90.29           110.33            69.74
                              0.60             0.00             1.16
  240 ACT2E05     D11S1974           90.89           110.33            70.90
                              0.00             0.00             0.00
  241 AFM238xh10  D11S931            90.89           110.33            70.90
                              0.00             0.00             0.00
  242 GATA7A03    D11S1367           90.89           110.33            70.90
                              0.58             1.27             0.00
  243 AFM345zd1   D11S1358           91.47           111.60            70.90
                              0.00             0.00             0.00
  244 AFM269yg9   D11S4175           91.47           111.60            70.90
                              0.00             0.00             0.00
  245 AFM296xg9   D11S1342           91.47           111.60            70.90
                              0.58             0.00             1.07
  246 AFMc007wg9  D11S4182           92.05           111.60            71.97
                              0.00             0.06             0.00
  247 GATA116B08  Unknown            92.05           111.66            71.97
                              1.07             0.06             1.07
  248 AFMa282wb5  D11S4118           93.12           111.72            73.04
                              0.00             0.01             0.00
  249 ATA21B05    D11S1995           93.12           111.73            73.04
                              0.00             0.00             0.00
  250 AFM282we5   D11S1333           93.12           111.73            73.04
                              0.00             0.53             0.00
  251 ATC3C12     Unknown            93.12           112.26            73.04
                              0.00             0.41             0.00
  252 Mfd127      D11S873            93.12           112.67            73.04
                              0.00             0.00             0.00
  253 AFM281wf9   D11S1332           93.12           112.67            73.04
                              1.06             0.00             2.13
  254 UT2409      D11S1305           94.18           112.67            75.17
                              0.00             0.00             0.00
  255 Mfd309      D11S991            94.18           112.67            75.17
                              0.00             0.00             0.00
  256 AFMb354xa5  D11S4176           94.18           112.67            75.17
                              0.00             0.00             0.00
  257 UT2000      D11S2632           94.18           112.67            75.17
                              0.00             0.00             0.00
  258 AFM203ve1   D11S1311           94.18           112.67            75.17
                              0.54             1.07             0.00
  259 AFM218yg1   D11S1757           94.72           113.74            75.17
                              0.71             1.61             0.00
  260 ATA114H09   Unknown            95.43           115.35            75.17
                              0.00             0.00             0.00
  261 GATA4B05    Unknown            95.43           115.35            75.17
                              0.00             0.83             0.00
  262 AFMa204wh9  D11S1788           95.43           116.18            75.17
                              1.42             0.79             0.60
  263 AFMb021zg9  D11S4134           96.85           116.97            75.77
                              0.00             0.00             0.47
  264 AFM207ze3   D11S920            96.85           116.97            76.24
                              0.00             0.00             0.00
  265 AFM198yb4   D11S917            96.85           116.97            76.24
                              0.00             0.00             0.00
  266 AFM193xf8   D11S4120           96.85           116.97            76.24
                              0.54             1.07             0.00
  267 AFM165yb4   D11S1891           97.39           118.04            76.24
                              0.00             0.00             0.00
  268 GATA35      Unknown            97.39           118.04            76.24
                              0.00             0.00             0.00
  269 AFM203vg7   D11S919            97.39           118.04            76.24
                              0.53             1.06             0.00
  270 GATA6C11    D11S1394           97.92           119.10            76.24
                              0.00             0.00             0.00
  271 Mfd212      D11S876            97.92           119.10            76.24
                              0.00             0.00             0.00
  272 AFMb292zf9  D11S4153           97.92           119.10            76.24
                              0.53             1.07             0.00
  273 AFM214xh6   D11S1317           98.45           120.17            76.24
                              0.00             0.00             0.00
  274 AFM161xh2   D11S1762           98.45           120.17            76.24
                              0.00             0.00             0.00
  275 AFM059yc5   D11S900            98.45           120.17            76.24
                              0.00             0.00             0.00
  276 AFM218ya7   D11S923            98.45           120.17            76.24
                              0.00             0.00             0.00
  277 AFM211ye3   D11S1756           98.45           120.17            76.24
                              0.00             0.00             0.00
  278 AFMa205xh5  D11S4100           98.45           120.17            76.24
                              0.53             1.06             0.00
  279 AFMa226zh1  D11S4108           98.98           121.23            76.24
                              0.00             0.00             0.00
  280 UT8147      D11S1924           98.98           121.23            76.24
                              0.00             0.00             0.13
  281 UT7707      D11S1647           98.98           121.23            76.37
                              0.00             0.00             0.16
  282 AFM268vd5   D11S940            98.98           121.23            76.53
                              0.00             0.00             0.04
  283 GATA100A04  Unknown            98.98           121.23            76.57
                              0.00             0.00             0.00
  284 AFM022te1   D11S898            98.98           121.23            76.57
                              0.00             0.00             0.00
  285 AFMb325zc1  D11S4159           98.98           121.23            76.57
                              0.00             0.00             0.00
  286 AFMb328zf9  D11S4161           98.98           121.23            76.57
                              0.00             0.00             0.03
  287 AFMa126yf1  D11S1782           98.98           121.23            76.60
                              1.07             1.07             0.03
  288 AFM291yh1   D11S1339          100.05           122.30            76.63
                              0.00             0.00             0.68
  289 UT1665      D11S1913          100.05           122.30            77.31
                              0.00             0.00             0.00
  290 UT712       D11S1903          100.05           122.30            77.31
                              0.57             0.00             1.07
  291 AFM254zd5   D11S1325          100.62           122.30            78.38
                              0.00             0.00             0.00
  292 AFM347te5   D11S1886          100.62           122.30            78.38
                              0.00             0.00             0.00
  293 UT2064      D11S1302          100.62           122.30            78.38
                              0.00             0.00             0.00
  294 UT1004      D11S1300          100.62           122.30            78.38
                              0.00             0.00             0.00
  295 GATA28D01   D11S2000          100.62           122.30            78.38
                              1.13             1.16             1.06
  296 AFMa152wh9  D11S1787          101.75           123.46            79.44
                              0.00             0.00             0.00
  297 AFMa115zc1  D11S1781          101.75           123.46            79.44
                              0.00             0.00             0.00
  298 AFM296yd9   D11S1343          101.75           123.46            79.44
                              0.00             0.00             0.00
  299 AFMa047xc5  D11S1778          101.75           123.46            79.44
                              0.00             0.00             0.00
* 300 GATA69E08   D11S2017          101.75           123.46            79.44
                              2.28             3.50             1.07
  301 AFM225yb4   D11S927           104.03           126.96            80.51
                              0.57             1.16             0.00
  302 GATA4E01    D11S1391          104.60           128.12            80.51
                              0.57             1.16             0.00
  303 DRD2        Unknown           105.17           129.28            80.51
                              0.00             0.00             0.00
  304 AFMa102xf9  D11S4206          105.17           129.28            80.51
                              0.00             0.00             0.00
  305 AFM224zg9   D11S1893          105.17           129.28            80.51
                              0.57             1.17             0.00
  306 Mfd231      D11S897           105.74           130.45            80.51
                              0.00             0.00             0.00
  307 UT548       D11S1284          105.74           130.45            80.51
                              0.00             0.00             0.00
  308 GTAT1D06    D11S1987          105.74           130.45            80.51
                              0.00             0.00             0.00
  309 AFM312vc9   D11S1793          105.74           130.45            80.51
                              0.00             0.00             0.00
  310 AFMa162ze5  D11S4090          105.74           130.45            80.51
                              0.00             0.00             0.00
  311 AFMa104ye1  D11S4078          105.74           130.45            80.51
                              0.00             0.00             0.00
  312 AFM344wb9   D11S4192          105.74           130.45            80.51
                              0.00             0.00             0.00
  313 AFM256vc1   D11S1327          105.74           130.45            80.51
                              0.00             0.00             0.00
  314 AFMa130we1  D11S3178          105.74           130.45            80.51
                              0.00             0.00             0.00
  315 GGAA7G08    D11S1986          105.74           130.45            80.51
                              0.00             0.00             0.00
  316 AFM320xh1   D11S1347          105.74           130.45            80.51
                              0.57             1.16             0.00
  317 AFM259yc1   D11S938           106.31           131.61            80.51
                              0.00             0.00             0.09
  318 AFMa141ye1  D11S1786          106.31           131.61            80.60
                              0.00             0.00             0.10
  319 AFMb293zg5  D11S3179          106.31           131.61            80.70
                              0.00             0.00             0.32
  320 AFMa311zd5  D11S4122          106.31           131.61            81.02
                              1.14             1.76             0.28
  321 AFM304vd5   D11S1792          107.45           133.37            81.30
                              1.14             1.77             0.27
  322 AFM120xe9   D11S908           108.59           135.14            81.57
                              0.00             0.00             0.00
  323 AFMa240yd1  D11S4111          108.59           135.14            81.57
                              0.00             0.00             0.00
  324 ATA17H03    D11S1992          108.59           135.14            81.57
                              0.00             0.00             0.00
  325 AFMb067wb1  D11S4145          108.59           135.14            81.57
                              0.00             0.00             0.00
  326 AFM345xe9   D11S1885          108.59           135.14            81.57
                              0.00             0.00             0.00
  327 UT545       D11S965           108.59           135.14            81.57
                              2.14             4.28             0.00
  328 APO         Unknown           110.73           139.42            81.57
                              0.00             0.00             0.00
  329 APOCIII     Unknown           110.73           139.42            81.57
                              0.00             0.00             0.00
  330 AFMb055xa9  D11S4142          110.73           139.42            81.57
                              1.60             3.21             0.00
  331 AFMa176zc9  D11S4092          112.33           142.63            81.57
                              0.00             0.00             0.00
  332 AFMa349xe9  D11S4127          112.33           142.63            81.57
                              0.54             1.07             0.00
  333 AFM267yh5   D11S939           112.87           143.70            81.57
                              0.26             0.50             0.00
  334 GATA23E06   D11S1998          113.13           144.20            81.57
                              0.27             0.57             0.00
  335 AFMa054xg1  D11S4195          113.40           144.77            81.57
                              0.00             0.00             0.00
  336 AFM295xg5   D11S1340          113.40           144.77            81.57
                              0.00             0.00             0.00
* 337 AFM344zc1   D11S1356          113.40           144.77            81.57
                              0.53             0.00             1.07
  338 Mfd69       CD3D              113.93           144.77            82.64
                              0.00             0.00             0.00
  339 6d11        Unknown           113.93           144.77            82.64
                              0.00             0.00             0.00
  340 AFMa222xc5  D11S4104          113.93           144.77            82.64
                              0.00             0.00             0.00
  341 AFMa139yg1  D11S1364          113.93           144.77            82.64
                              0.00             0.00             0.00
  342 AFM295yd5   D11S1341          113.93           144.77            82.64
                              1.60             3.20             0.00
  343 AFMa357wa5  D11S4129          115.53           147.97            82.64
                              0.00             0.00             0.00
  344 AFMb342ze9  D11S4171          115.53           147.97            82.64
                              0.00             0.00             0.00
  345 AFM220xh6   D11S924           115.53           147.97            82.64
                              0.00             0.00             0.00
  346 UT5153      D11S1299          115.53           147.97            82.64
                              0.54             1.07             0.00
* 347 AFMb004zf9  D11S4132          116.07           149.04            82.64
                              2.40             4.27             0.00
  348 AFM220yb6   D11S925           118.47           153.31            82.64
                              0.00             0.00             0.00
  349 UT546       D11S1899          118.47           153.31            82.64
                              0.00             0.00             0.00
  350 AFM262zf1   D11S1774          118.47           153.31            82.64
                              0.60             0.00             1.60
  351 AFMa162wf5  D11S4089          119.07           153.31            84.24
                              0.00             0.00             0.00
  352 AFMa225zf9  D11S4107          119.07           153.31            84.24
                              1.80             2.14             1.59
  353 AFM302xb9   D11S1345          120.87           155.45            85.83
                              0.00             0.00             0.00
  354 Mfd316      D11S1377          120.87           155.45            85.83
                              0.00             0.00             0.00
  355 AFM256za5   D11S936           120.87           155.45            85.83
                              0.00             0.00             0.00
  356 AFMb318zf9  D11S4157          120.87           155.45            85.83
                              0.00             0.00             0.00
  357 AFMb334zd5  D11S4167          120.87           155.45            85.83
                              0.00             0.00             0.00
  358 AFM286xf5   D11S1336          120.87           155.45            85.83
                              1.60             3.21             0.00
  359 AFM331yc5   D11S1353          122.47           158.66            85.83
                              0.53             1.08             0.00
  360 GATA64D03   D11S4464          123.00           159.74            85.83
                              0.00             0.00             0.00
  361 AFM214xg7   D11S1316          123.00           159.74            85.83
                              0.00             0.00             0.00
  362 AFM265wa9   D11S1328          123.00           159.74            85.83
                              0.00             0.00             0.00
  363 GATA140F03  Unknown           123.00           159.74            85.83
                              0.00             0.00             0.00
  364 Mfd108A     D11S836           123.00           159.74            85.83
                              0.00             0.00             0.00
  365 AFMa189yb1  D11S4094          123.00           159.74            85.83
                              0.00             0.00             0.00
  366 AFM200wd4   D11S1752          123.00           159.74            85.83
                              0.00             0.00             0.00
  367 AFMb066zg9  D11S4144          123.00           159.74            85.83
                              1.07             2.13             0.00
  368 AFM240ye1   D11S933           124.07           161.87            85.83
                              2.14             0.12             3.20
  369 Mfd290      D11S990           126.21           161.99            89.03
                              0.00             0.44             0.00
  370 UT1607      D11S1914          126.21           162.43            89.03
                              0.00             0.51             0.00
  371 AFM248wf5   D11S934           126.21           162.94            89.03
                              0.00             0.00             0.00
  372 AFM333xf9   D11S1896          126.21           162.94            89.03
                              0.00             0.00             0.00
  373 Mfd251      D11S975           126.21           162.94            89.03
                              0.00             0.00             0.00
  374 AFMb320ye1  D11S4158          126.21           162.94            89.03
                              1.12             2.30             0.00
  375 AFMb290yh1  D11S4151          127.33           165.24            89.03
                              1.69             2.29             1.07
  376 AFM031xg3   D11S4110          129.02           167.53            90.10
                              2.24             0.76             2.15
  377 AFMa163tb5  D11S4091          131.26           168.29            92.25
                              0.00             0.51             0.00
  378 AFM324zh9   D11S1351          131.26           168.80            92.25
                              0.00             1.04             0.00
  379 AFMa311zg5  D11S4123          131.26           169.84            92.25
                              0.00             0.00             0.00
  380 ETS1        Unknown           131.26           169.84            92.25
                              0.00             0.00             0.00
  381 AFM157xh6   D11S912           131.26           169.84            92.25
                              1.69             3.45             0.00
  382 AFMb286xf9  D11S4150          132.95           173.29            92.25
                              5.61             5.76             5.36
  383 GATA72A01   D11S2367          138.56           179.05            97.61
                              0.00             0.00             0.00
  384 AFMb002vd1  D11S4131          138.56           179.05            97.61
                              0.00             0.00             0.00
  385 AFMa343yh5  D11S4126          138.56           179.05            97.61
                              1.62             0.00             3.21
  386 Mfd161      D11S874           140.18           179.05           100.82
                              0.00             0.00             0.00
  387 AFM154yh2   D11S910           140.18           179.05           100.82
                              0.87             0.00             1.74
  388 AFMa062tf5  D11S4198          141.05           179.05           102.56
                              0.86             0.00             1.73
  389 AFM234yf10  D11S1320          141.91           179.05           104.29
                              0.00             0.00             0.00
  390 AFMa126xg9  D11S4085          141.91           179.05           104.29
                              0.00             0.00             0.00
  391 AFM321xe9   D11S1895          141.91           179.05           104.29
                              0.00             0.28             0.00
  392 UT2095      D11S1304          141.91           179.33           104.29
                              4.69             0.81             8.25
  393 AFM200vg5   D11S1309          146.60           180.14           112.54
                              0.00             0.00             0.00
  394 AFM205vf10  D11S969           146.60           180.14           112.54
                              1.17             0.00             2.33
  395 AFMa192wd1  D11S4098          147.77           180.14           114.87
                              0.00             0.00             0.00
  396 AFM109xc3   D11S968           147.77           180.14           114.87
                              0.00             0.00             0.00
  397 ATA27C09    D11S2359          147.77           180.14           114.87
                              0.00             0.00             0.00
  398 Mfd105      D11S872           147.77           180.14           114.87
                              0.00             0.00             0.00
  399 AFMa337yd1  D11S4125          147.77           180.14           114.87
                              0.00             0.00             0.00
  400 AFMa245wh9  D11S4112          147.77           180.14           114.87
