      Marker      Dnumber      sex-ave(cM)      female(cM)        male(cM)

    1 AFMa310wd9  D19S886             0.00             0.00             0.00
                              5.54             5.17             6.51
    2 AFMa299yc1  D19S883             5.54             5.17             6.51
                              1.03             0.00             1.80
    3 AFMa282ve9  D19S878             6.57             5.17             8.31
                              0.00             0.00             0.00
    4 AFMa052wb9  D19S565             6.57             5.17             8.31
                              3.27             1.09             5.46
*   5 GATA44F10   D19S591             9.84             6.26            13.77
                              0.00             0.00             0.00
    6 Mfd219      D19S247             9.84             6.26            13.77
                              0.00             0.00             0.00
    7 UT237       Unknown             9.84             6.26            13.77
                              1.13             0.00             2.37
    8 D19S120     D19S120            10.97             6.26            16.14
                              0.00             0.00             0.00
    9 AFMa132zb9  D19S424            10.97             6.26            16.14
                              0.00             0.00             0.00
   10 AFM116xe9   D19S209            10.97             6.26            16.14
                              4.58             6.04             3.31
   11 AFMb006xg9  D19S894            15.55            12.30            19.45
                              4.46             4.02             5.01
   12 AFM164zb8   D19S216            20.01            16.32            24.46
                              0.00             0.00             0.00
   13 UT1057      D19S549            20.01            16.32            24.46
                              0.74             0.00             1.07
*  14 GATA21G05   D19S1034           20.75            16.32            25.53
                              0.00             0.00             0.00
   15 Mfd319      D19S427            20.75            16.32            25.53
                              0.00             0.00             0.00
   16 Mfd120A     D19S177            20.75            16.32            25.53
                              2.21             0.00             4.29
   17 AFMa176zh5  D19S869            22.96            16.32            29.82
                              2.21             4.47             0.00
   18 AFMb042zh1  D19S905            25.17            20.79            29.82
                              0.00             0.00             0.00
   19 UT757       D19S395            25.17            20.79            29.82
                              0.00             0.00             0.00
   20 AFM042xc5   D19S567            25.17            20.79            29.82
                              0.00             0.00             0.00
   21 AFMb025wa9  D19S901            25.17            20.79            29.82
                              0.00             0.00             0.00
   22 Mfd37       D19S76             25.17            20.79            29.82
                              0.00             0.00             0.00
   23 INSR        Unknown            25.17            20.79            29.82
                              0.00             0.00             0.00
   24 AFM205zf2   D19S406            25.17            20.79            29.82
                              0.00             0.00             0.00
   25 AFMa217xg5  D19S873            25.17            20.79            29.82
                              1.20             1.29             1.07
   26 AFMa299zc5  D19S884            26.37            22.08            30.89
                              0.00             0.00             0.00
   27 AFMb344zd1  D19S922            26.37            22.08            30.89
                              0.00             0.00             0.00
   28 AFMb299wb1  D19S912            26.37            22.08            30.89
                              2.46             3.34             1.66
   29 UT486       D19S391            28.83            25.42            32.55
                              2.46             3.34             1.58
   30 AFMb325wa5  D19S916            31.29            28.76            34.13
                              1.10             0.00             2.14
   31 AFM292wd9   D19S413            32.39            28.76            36.27
                              0.00             0.00             0.00
   32 AFMa107xc9  D19S865            32.39            28.76            36.27
                              0.55             0.00             1.06
   33 GATA23B01   D19S586            32.94            28.76            37.33
                              0.00             0.00             0.00
   34 ATA11A11    D19S583            32.94            28.76            37.33
                              0.00             0.00             0.00
   35 UT1740      D19S403            32.94            28.76            37.33
                              1.31             2.79             0.00
   36 ATA19D12    D19S584            34.25            31.55            37.33
                              0.00             0.00             0.00
   37 TA4-HC      D19S204            34.25            31.55            37.33
                              0.00             1.41             0.00
*  38 UT705       D19S394            34.25            32.96            37.33
                              1.97             0.64             1.07
   39 UT7121      D19S558            36.22            33.60            38.40
                              0.00             0.75             0.00
   40 AFMb055zc9  D19S906            36.22            34.35            38.40
                              0.00             0.00             0.00
   41 AFM224ye9   D19S221            36.22            34.35            38.40
                              0.00             0.00             0.00
   42 AFMb312yb9  D19S914            36.22            34.35            38.40
                              0.00             0.00             0.00
   43 GATA134B01  Unknown            36.22            34.35            38.40
                              1.72             2.99             0.00
   44 AFMb022xb1  D19S840            37.94            37.34            38.40
                              0.00             0.00             1.45
   45 UT8166      D19S564            37.94            37.34            39.85
                              4.34             6.00             1.78
   46 AFM302yb9   D19S415            42.28            43.34            41.63
                              0.00             0.00             0.00
*  47 Mfd285      D19S385            42.28            43.34            41.63
                              0.00             0.00             0.00
   48 Mfd240      D19S252            42.28            43.34            41.63
                              0.00             0.00             0.00
   49 AFMb349xb1  D19S923            42.28            43.34            41.63
                              0.00             0.00             0.00
   50 ATA37G08    Unknown            42.28            43.34            41.63
                              0.00             0.00             0.00
   51 GATA9B02    D19S432            42.28            43.34            41.63
                              0.00             0.00             0.00
   52 283yc5      D19S411            42.28            43.34            41.63
                              0.00             0.00             0.00
   53 AFMa041zd1  D19S929            42.28            43.34            41.63
                              0.00             0.00             0.00
*  54 GATA27C12   D19S588            42.28            43.34            41.63
                              0.00             0.00             0.00
   55 AFMa302ya5  D19S885            42.28            43.34            41.63
                              0.00             0.00             0.00
   56 AFMa357zd9  D19S892            42.28            43.34            41.63
                              0.00             0.00             0.00
   57 AFM256yc9   D19S226            42.28            43.34            41.63
                              0.00             0.00             0.00
   58 Mfd236      D19S244            42.28            43.34            41.63
                              0.00             0.00             0.00
   59 UT6488      D19S556            42.28            43.34            41.63
                              0.00             0.00             0.00
   60 C19MYS      Unknown            42.28            43.34            41.63
                              1.06             2.15             0.00
   61 AFMb326zh5  D19S917            43.34            45.49            41.63
                              1.07             2.16             0.00
   62 ATA57F09    Unknown            44.41            47.65            41.63
                              0.00             0.00             0.00
   63 AFMa050yc5  D19S930            44.41            47.65            41.63
                              0.00             0.00             0.00
   64 MS231       D19S199            44.41            47.65            41.63
                              1.07             2.14             0.00
   65 UT5086      D19S724            45.48            49.79            41.63
                              0.00             0.00             0.00
   66 GATA64E12   D19S593            45.48            49.79            41.63
                              0.00             0.00             0.00
*  67 GAAT1E2     D19S429            45.48            49.79            41.63
                              0.00             0.00             0.00
   68 AFM278xc5   D19S410            45.48            49.79            41.63
                              0.00             0.00             0.00
   69 AFMb021yb9  D19S899            45.48            49.79            41.63
                              0.00             0.00             0.00
   70 UT742       D19S579            45.48            49.79            41.63
                              1.83             3.73             0.00
   71 AFM143xe9   D19S212            47.31            53.52            41.63
                              0.00             0.00             0.00
   72 AFMb007xb9  D19S895            47.31            53.52            41.63
                              0.00             0.00             0.00
   73 AFMb019xe1  D19S898            47.31            53.52            41.63
                              0.00             0.00             0.00
   74 AFMa123xf1  D19S566            47.31            53.52            41.63
                              0.00             0.00             0.00
   75 AFM234xf4   D19S915            47.31            53.52            41.63
                              0.36             0.00             0.41
   76 GGAA21A04   D19S1037           47.67            53.52            42.04
                              0.47             0.00             0.41
   77 AFM214yf6   D19S407            48.14            53.52            42.45
                              0.38             0.00             0.25
   78 AFMb355yd1  D19S925            48.52            53.52            42.70
                              0.00             0.00             0.00
   79 164za7      D19S215            48.52            53.52            42.70
                              1.23             3.73             0.00
   80 AFM234vb2   D19S222            49.75            57.25            42.70
                              0.00             0.00             0.00
   81 AFMa058xc5  D19S931            49.75            57.25            42.70
                              0.00             0.00             0.00
   82 AFMa190yg9  D19S870            49.75            57.25            42.70
                              0.00             0.00             0.00
   83 AFMb292wf1  D19S910            49.75            57.25            42.70
                              0.00             0.00             0.00
   84 UT1312      D19S401            49.75            57.25            42.70
                              0.00             0.00             0.00
   85 GATA86H02   D19S1036           49.75            57.25            42.70
                              0.00             0.00             0.00
   86 AFMb293yg9  D19S911            49.75            57.25            42.70
                              0.00             0.00             0.00
   87 AFM326xb1   D19S419            49.75            57.25            42.70
                              0.00             0.00             0.00
   88 UT1644      D19S546            49.75            57.25            42.70
                              0.00             0.00             0.00
   89 GGAT4B07    D19S434            49.75            57.25            42.70
                              1.06             2.13             0.00
   90 AFMb332xe5  D19S919            50.81            59.38            42.70
                              0.00             0.00             0.00
   91 Mfd237      D19S255            50.81            59.38            42.70
                              0.00             0.00             0.00
   92 AFMa224wc9  D19S875            50.81            59.38            42.70
                              0.00             0.00             0.00
   93 UT8112      D19S561            50.81            59.38            42.70
                              0.00             0.00             0.00
   94 AFMb340va9  D19S920            50.81            59.38            42.70
                              0.00             0.00             0.00
   95 Mfd318      D19S426            50.81            59.38            42.70
                              0.00             0.00             0.00
   96 Mfd11       D19S49             50.81            59.38            42.70
                              0.00             0.00             0.00
   97 AFMa084xf1  D19S932            50.81            59.38            42.70
                              0.00             0.00             0.00
   98 AFM344yg5   D19S568            50.81            59.38            42.70
                              1.07             2.13             0.00
   99 UT758       D19S396            51.88            61.51            42.70
                              0.00             0.00             0.00
  100 Mfd242      D19S250            51.88            61.51            42.70
                              0.00             0.00             0.00
  101 UT7989      D19S563            51.88            61.51            42.70
                              0.00             0.00             0.00
* 102 AFM269xg5   D19S409            51.88            61.51            42.70
                              0.00             0.00             0.00
  103 GGAA2A03    D19S433            51.88            61.51            42.70
                              0.00             0.00             0.00
  104 AFM205yf10  D19S405            51.88            61.51            42.70
                              0.00             0.00             0.00
  105 AFMa297ye9  D19S882            51.88            61.51            42.70
                              0.71             1.44             0.00
  106 AFMc021wd1  D19S928            52.59            62.95            42.70
                              1.42             2.87             0.00
  107 Mfd112      D19S114            54.01            65.82            42.70
                              0.00             0.00             0.00
  108 AFM295xg9   D19S414            54.01            65.82            42.70
                              0.67             1.34             0.00
  109 GATA6D01    D19S431            54.68            67.16            42.70
                              0.00             0.00             0.00
  110 AFMa190zh5  D19S871            54.68            67.16            42.70
                              0.00             0.00             0.00
  111 Mfd243      D19S249            54.68            67.16            42.70
                              1.01             2.02             0.00
  112 Mfd13A      D19S75             55.69            69.18            42.70
                              1.00             2.02             0.00
  113 AFMa154xg1  D19S868            56.69            71.20            42.70
                              0.00             0.00             0.00
  114 AFMb004wh1  D19S893            56.69            71.20            42.70
                              0.00             0.00             0.00
  115 AFM248zc1   D19S225            56.69            71.20            42.70
                              0.00             0.00             0.06
  116 Mfd241      D19S251            56.69            71.20            42.76
                              0.00             0.00             0.31
  117 GATA161D11  Unknown            56.69            71.20            43.07
                              0.00             0.00             0.13
  118 GATA10A05   Unknown            56.69            71.20            43.20
                              0.00             0.00             0.15
  119 UT6491      D19S555            56.69            71.20            43.35
                              0.00             0.00             0.00
  120 GGAT21B08   D19S719            56.69            71.20            43.35
                              0.00             0.00             0.08
  121 Mfd111      D19S113            56.69            71.20            43.43
                              2.00             3.20             0.11
  122 Mfd218      D19S248            58.69            74.40            43.54
                              0.00             0.00             0.09
  123 AFMa218wg1  D19S874            58.69            74.40            43.63
                              0.00             0.00             0.06
  124 AFM304xf5   D19S416            58.69            74.40            43.69
                              0.00             0.00             0.02
  125 Mfd235      D19S245            58.69            74.40            43.71
                              0.67             0.60             0.05
  126 AFM158ye3   D19S213            59.36            75.00            43.76
                              0.00             0.47             0.00
  127 AFMa139we9  D19S425            59.36            75.47            43.76
                              0.00             0.00             0.00
  128 GATA24C09   D19S587            59.36            75.47            43.76
                              0.00             0.00             0.00
  129 AFM116xc7   D19S208            59.36            75.47            43.76
                              2.13             3.20             1.07
  130 AFM240vc1   D19S224            61.49            78.67            44.83
                              0.54             1.07             0.00
  131 AFM317ya9   D19S570            62.03            79.74            44.83
                              0.00             0.00             0.00
  132 AFMb015xb5  D19S896            62.03            79.74            44.83
                              0.00             0.00             0.00
  133 ATA57C01    Unknown            62.03            79.74            44.83
                              0.00             0.00             0.00
  134 GATA156F11  Unknown            62.03            79.74            44.83
                              0.00             0.00             0.00
  135 AFMa238yd1  D19S876            62.03            79.74            44.83
                              0.00             0.00             0.00
  136 AFMb080ze9  D19S909            62.03            79.74            44.83
                              0.00             0.00             0.00
  137 AFM214yf12  D19S220            62.03            79.74            44.83
                              0.22             0.00             0.46
  138 AFM238xc7   D19S228            62.25            79.74            45.29
                              0.31             0.00             0.60
  139 AFMb018wh1  D19S897            62.56            79.74            45.89
                              0.54             1.07             0.00
  140 AFMa123xe9  D19S422            63.10            80.81            45.89
                              0.00             0.00             0.00
  141 AFM304zg1   D19S417            63.10            80.81            45.89
                              0.00             0.00             0.00
  142 AFMa284yf9  D19S881            63.10            80.81            45.89
                              0.00             0.00             0.00
  143 RYR         Unknown            63.10            80.81            45.89
                              0.00             0.00             0.00
  144 ATA9A06     Unknown            63.10            80.81            45.89
                              0.00             0.00             0.00
  145 G116        D19S197            63.10            80.81            45.89
                              0.00             0.00             0.00
  146 Mfd9        D19S47             63.10            80.81            45.89
                              0.00             0.00             0.00
  147 AFMa123xe5  D19S421            63.10            80.81            45.89
                              0.00             0.00             0.00
  148 UT7112II    Unknown            63.10            80.81            45.89
                              0.00             0.00             0.00
  149 UT7112I     Unknown            63.10            80.81            45.89
                              0.53             0.00             1.07
  150 UT5576      D19S552            63.63            80.81            46.96
                              0.00             0.00             0.00
  151 MS265       D19S200            63.63            80.81            46.96
                              0.00             0.00             0.00
  152 UT6385      D19S554            63.63            80.81            46.96
                              0.53             1.08             0.00
  153 AFM238wf10  D19S223            64.16            81.89            46.96
                              0.54             1.08             0.00
  154 UT5036      D19S400            64.70            82.97            46.96
                              1.07             2.15             0.00
  155 AFMa131wf5  D19S423            65.77            85.12            46.96
                              0.00             0.00             0.00
  156 AFMa197xa5  D19S872            65.77            85.12            46.96
                              0.00             0.00             0.00
  157 M133        D19S198            65.77            85.12            46.96
                              0.00             0.00             0.00
  158 GATA84G04   Unknown            65.77            85.12            46.96
                              0.15             0.26             0.00
  159 Mfd113      CEA                65.92            85.38            46.96
                              0.15             0.34             0.00
  160 Mfd21       D19S537            66.07            85.72            46.96
                              0.23             0.47             0.00
  161 AFM326xh9   D19S420            66.30            86.19            46.96
                              0.00             0.00             0.62
  162 AFM126zc1   D19S211            66.30            86.19            47.58
                              1.07             1.06             0.44
  163 AFMb022zb9  D19S900            67.37            87.25            48.02
                              0.00             0.00             0.00
  164 AFMb301xc9  D19S913            67.37            87.25            48.02
                              0.00             0.00             0.00
  165 AFM238vg11  D19S408            67.37            87.25            48.02
                              0.71             0.00             2.13
  166 AFM165xa9   D19S217            68.08            87.25            50.15
                              0.00             0.00             0.00
  167 UT5136      D19S543            68.08            87.25            50.15
                              0.00             0.00             0.00
  168 Mfd139      D19S178            68.08            87.25            50.15
                              0.00             0.00             0.00
  169 UT7544      D19S559            68.08            87.25            50.15
                              0.00             0.00             0.00
  170 Mfd224      Unknown            68.08            87.25            50.15
                              1.42             2.13             0.00
  171 Mfd5        APOC2              69.50            89.38            50.15
                              0.00             0.00             0.00
  172 BCL3        Unknown            69.50            89.38            50.15
                              0.00             0.00             0.00
  173 AFMb331zh9  D19S918            69.50            89.38            50.15
                              0.00             0.00             0.00
  174 APOC2       Unknown            69.50            89.38            50.15
                              0.00             0.00             0.00
  175 AFM329wh1   D19S574            69.50            89.38            50.15
                              0.00             0.00             0.00
  176 AFMb039ye9  D19S903            69.50            89.38            50.15
                              0.00             0.00             0.00
  177 AFMb060xc5  D19S908            69.50            89.38            50.15
                              0.64             1.60             0.00
  178 HRC         Unknown            70.14            90.98            50.15
                              0.00             0.00             0.00
  179 UT7938      D19S562            70.14            90.98            50.15
                              0.00             0.00             0.00
  180 DM          Unknown            70.14            90.98            50.15
                              0.00             0.00             0.00
  181 AFM210yg9   D19S219            70.14            90.98            50.15
                              0.00             0.00             0.00
  182 AFM284yg5   D19S412            70.14            90.98            50.15
                              0.00             0.64             0.00
  183 IB1803      D19S540            70.14            91.62            50.15
                              1.32             0.54             1.62
  184 UT1600      D19S545            71.46            92.16            51.77
                              1.26             0.44             1.62
  185 AFMb033zd9  D19S902            72.72            92.60            53.39
                              0.00             0.00             0.00
  186 AFMb030we1  D19S606            72.72            92.60            53.39
                              1.35             4.27             0.00
  187 AFMa133zh9  D19S596            74.07            96.87            53.39
                              0.70             0.00             0.56
  188 HRC.A       Unknown            74.77            96.87            53.95
                              0.64             0.00             0.51
  189 HRCtri      Unknown            75.41            96.87            54.46
                              0.00             0.00             0.00
  190 AFMb002ve1  D19S604            75.41            96.87            54.46
                              0.00             0.00             0.00
  191 AFMa283yh1  D19S879            75.41            96.87            54.46
                              2.13             2.13             2.13
  192 AFMa110yd1  D19S866            77.54            99.00            56.59
                              0.00             0.00             0.00
  193 AFMa115wg5  D19S867            77.54            99.00            56.59
                              0.54             1.07             0.00
  194 Mfd232      D19S246            78.08           100.07            56.59
                              0.00             0.00             0.00
  195 UT2523      D19S550            78.08           100.07            56.59
                              0.00             0.00             0.00
  196 ATA78H08    Unknown            78.08           100.07            56.59
                              0.00             0.00             0.00
  197 AFMb040xc5  D19S904            78.08           100.07            56.59
                              0.00             0.00             0.00
  198 AFMb059wg9  D19S907            78.08           100.07            56.59
                              1.40             0.00             2.18
  199 ATA28H02    D19S585            79.48           100.07            58.77
                              0.35             0.00             2.23
  200 KLK         Unknown            79.83           100.07            61.00
                              1.68             2.13             0.00
  201 UT6196      D19S553            81.51           102.20            61.00
                              0.67             0.00             1.31
  202 UT963       D19S397            82.18           102.20            62.31
                              1.01             0.00             3.14
  203 UT2003      D19S402            83.19           102.20            65.45
                              0.00             0.00             0.00
  204 GAAA1B03    D19S601            83.19           102.20            65.45
                              0.89             1.20             0.00
  205 AFM347ze1   D19S571            84.08           103.40            65.45
                              0.96             0.73             1.23
  206 D19S206     D19S206            85.04           104.13            66.68
                              0.83             0.47             1.27
  207 AFMa341xd9  D19S888            85.87           104.60            67.95
                              1.79             1.20             2.48
  208 Mfd195A     D19S180            87.66           105.80            70.43
                              0.00             0.00             0.00
  209 AFMb343wf1  D19S921            87.66           105.80            70.43
                              0.00             0.00             0.00
* 210 GATA29B01   D19S589            87.66           105.80            70.43
                              1.19             1.20             1.23
  211 AFMb350we1  D19S924            88.85           107.00            71.66
                              0.00             0.00             0.00
  212 AFMa083wb5  D19S572            88.85           107.00            71.66
                              0.88             1.60             0.00
  213 AFMc002yg9  D19S927            89.73           108.60            71.66
                              2.83             3.21             3.08
  214 AFM319vb5   D19S418            92.56           111.81            74.74
                              2.00             0.00             3.57
  215 AFMc001yb1  D19S926            94.56           111.81            78.31
                              0.00             0.00             0.00
  216 AFM186ye7   D19S880            94.56           111.81            78.31
                              0.70             0.00             1.38
  217 AFMa357yh1  D19S891            95.26           111.81            79.69
                              0.00             0.00             0.00
  218 AFMa246yb1  D19S877            95.26           111.81            79.69
                              0.00             0.00             0.00
  219 AFMb005wh1  D19S605            95.26           111.81            79.69
                              4.75             0.00            10.02
  220 AFMa310xf9  D19S887           100.01           111.81            89.71
                              0.00             0.00             0.00
  221 AFM161xf6   D19S404           100.01           111.81            89.71
                              0.00             0.00             0.00
  222 AFM119xh6   D19S210           100.01           111.81            89.71
                              0.00             0.00             0.00
  223 UT1558      D19S725           100.01           111.81            89.71
                              0.00             0.00             0.00
* 224 UT1342      D19S544           100.01           111.81            89.71
                              0.37             0.00             0.70
  225 AFMa054yf1  D19S573           100.38           111.81            90.41
                              0.23             0.00             0.55
  226 AFM163xf8   D19S214           100.61           111.81            90.96
                              0.00             0.00             0.00
  227 Mfd238      D19S254           100.61           111.81            90.96
                              1.76             2.47             0.00
  228 AFM207wc3   D19S218           102.37           114.28            90.96
                              2.65             0.00             5.08
  229 AFMa351xe5  D19S890           105.02           114.28            96.04
