      Marker      Dnumber      sex-ave(cM)      female(cM)        male(cM)

    1 AFM344te5   D15S1035            0.00             0.00             0.00
                              4.78             0.00             9.69
    2 AFMb344wc5  D15S1021            4.78             0.00             9.69
                              0.00             0.00             0.00
    3 GATA81F03   D15S817             4.78             0.00             9.69
                              1.33             0.00             2.67
    4 AFM273yf9   D15S128             6.11             0.00            12.36
                              0.00             0.00             0.00
    5 ATA10C01    D15S646             6.11             0.00            12.36
                              0.00             0.00             0.00
    6 AFM320vd9   D15S210             6.11             0.00            12.36
                              0.00             0.00             0.00
    7 AFM200wb4   D15S122             6.11             0.00            12.36
                              0.81             0.00             1.77
    8 AFMa284za9  D15S986             6.92             0.00            14.13
                              2.93             5.28             0.00
    9 D15S97      D15S97              9.85             5.28            14.13
                              0.00             0.00             0.00
   10 UT7715      D15S540             9.85             5.28            14.13
                              0.00             0.00             0.00
   11 GABRB3      Unknown             9.85             5.28            14.13
                              2.45             1.33             4.08
   12 GATA88H02   D15S822            12.30             6.61            18.21
                              0.00             0.00             0.00
   13 GATA143C02  Unknown            12.30             6.61            18.21
                              0.76             1.09             0.00
   14 AFMa216zc9  D15S975            13.06             7.70            18.21
                              1.52             0.00             3.54
   15 Mfd209      D15S219            14.58             7.70            21.75
                              0.00             0.00             0.00
   16 AFM214xg11  D15S156            14.58             7.70            21.75
                              0.00             0.00             0.00
   17 AFMb066yh9  D15S1002           14.58             7.70            21.75
                              4.54             5.41             3.54
   18 AFMa081xb9  D15S1048           19.12            13.11            25.29
                              0.00             0.00             0.00
   19 AFMb336yf1  D15S1019           19.12            13.11            25.29
                              0.00             0.00             0.00
   20 GATA28F09   Unknown            19.12            13.11            25.29
                              1.12             0.00             1.18
   21 AFM248vc5   D15S165            20.24            13.11            26.47
                              0.00             1.63             0.00
   22 UT935       D15S529            20.24            14.74            26.47
                              0.00             0.84             0.00
   23 AFMa048wg1  D15S1043           20.24            15.58            26.47
                              1.34             0.78             0.00
   24 AFMa223xg1  D15S976            21.58            16.36            26.47
                              0.00             0.00             0.00
   25 AFM312zd9   D15S1031           21.58            16.36            26.47
                              0.00             0.00             0.00
   26 UT511       D15S184            21.58            16.36            26.47
                              0.00             0.00             0.00
   27 AFMb302yf9  D15S1013           21.58            16.36            26.47
                              2.31             1.76             3.24
   28 AFMb295yf1  D15S1010           23.89            18.12            29.71
                              0.17             0.83             0.00
   29 GTAT1B2     D15S231            24.06            18.95            29.71
                              1.24             0.95             1.08
   30 AFM019tf6   D15S144            25.30            19.90            30.79
                              0.56             1.18             0.00
   31 AFMb293yg1  D15S1007           25.86            21.08            30.79
                              0.00             0.00             0.00
   32 AFMb006xg5  D15S995            25.86            21.08            30.79
                              2.49             1.17             3.78
   33 AFM360te5   D15S1040           28.35            22.25            34.57
                              3.11             2.36             3.78
   34 AFMa203yb1  D15S971            31.46            24.61            38.35
                              0.00             0.00             0.00
   35 ACTC        Unknown            31.46            24.61            38.35
                              0.00             0.38             0.00
   36 GAAA1C11    Unknown            31.46            24.99            38.35
                              1.12             0.80             0.00
   37 AFMa043th9  D15S1042           32.58            25.79            38.35
                              0.00             0.00             1.43
   38 AFM112xa1   D15S118            32.58            25.79            39.78
                              2.25             3.53             1.45
   39 GATA50C03   Unknown            34.83            29.32            41.23
                              1.12             0.00             1.44
   40 UT5157      D15S194            35.95            29.32            42.67
                              0.00             0.00             0.00
   41 AFMb298wh9  D15S1012           35.95            29.32            42.67
                              3.77             5.40             2.15
   42 ATA3E11     D15S641            39.72            34.72            44.82
                              0.00             0.00             0.00
   43 AFM070xd7   D15S146            39.72            34.72            44.82
                              0.00             0.00             0.00
   44 AFMa051yc1  D15S1044           39.72            34.72            44.82
                              0.53             0.00             1.07
   45 AFMa123xc5  D15S214            40.25            34.72            45.89
                              0.00             0.00             0.00
   46 AFMa153wf1  D15S968            40.25            34.72            45.89
                              0.00             0.00             0.00
   47 UT7098      D15S537            40.25            34.72            45.89
                              0.00             0.00             0.00
   48 AFMb002xh9  D15S994            40.25            34.72            45.89
                              0.00             0.00             1.62
   49 UT477       D15S182            40.25            34.72            47.51
                              3.22             3.24             1.61
   50 GATA63A03   D15S659            43.47            37.96            49.12
                              1.43             2.15             0.00
   51 AFMb291yf1  D15S1006           44.90            40.11            49.12
                              0.00             0.00             0.00
   52 AFM265xf9   D15S132            44.90            40.11            49.12
                              0.72             0.00             2.13
   53 AFMc029xc1  D15S1028           45.62            40.11            51.25
                              0.00             0.00             0.00
   54 Mfd351      D15S220            45.62            40.11            51.25
                              0.00             0.00             0.00
   55 AFM326vd9   D15S1032           45.62            40.11            51.25
                              0.00             0.00             0.00
   56 AFMb351yh1  D15S1024           45.62            40.11            51.25
                              0.00             0.00             0.00
   57 AFM310we1   D15S208            45.62            40.11            51.25
                              0.00             0.00             0.00
   58 AFMa231wb5  D15S978            45.62            40.11            51.25
                              0.00             0.00             0.00
   59 AFMb330xd5  D15S1017           45.62            40.11            51.25
                              0.00             0.00             0.00
   60 AFM359tf9   D15S1039           45.62            40.11            51.25
                              0.00             0.00             0.00
   61 CYP19       Unknown            45.62            40.11            51.25
                              0.00             0.00             0.00
   62 AFM261xb9   D15S161            45.62            40.11            51.25
                              0.00             0.00             0.00
   63 Mfd81       D15S106            45.62            40.11            51.25
                              0.00             0.00             0.00
   64 AFMa345xh9  D15S992            45.62            40.11            51.25
                              0.00             0.00             0.00
   65 AFMa337ze1  D15S990            45.62            40.11            51.25
                              0.00             0.00             0.00
   66 AFMa246wb5  D15S982            45.62            40.11            51.25
                              0.00             0.00             0.00
   67 AFM016yg1   D15S143            45.62            40.11            51.25
                              0.00             0.00             0.00
   68 AFM150xf4   D15S119            45.62            40.11            51.25
                              0.00             0.00             0.00
   69 AFM218yf12  D15S126            45.62            40.11            51.25
                              0.00             0.00             0.00
   70 AFM205ye1   D15S123            45.62            40.11            51.25
                              1.67             3.31             0.00
   71 AFMb324yh9  D15S1016           47.29            43.42            51.25
                              0.56             1.11             0.00
   72 AFM312wd1   D15S209            47.85            44.53            51.25
                              0.00             0.00             0.00
   73 AFM189yc1   D15S121            47.85            44.53            51.25
                              0.00             0.00             0.00
   74 AFMb076wc9  D15S1003           47.85            44.53            51.25
                              0.00             0.00             0.00
   75 AFMa106xg1  D15S962            47.85            44.53            51.25
                              0.00             0.00             0.00
   76 ATA20E12    D15S648            47.85            44.53            51.25
                              0.00             0.00             0.00
   77 AFM296wg5   D15S1029           47.85            44.53            51.25
                              0.00             0.00             0.00
   78 AFMa085wg1  D15S1049           47.85            44.53            51.25
                              1.13             1.11             1.20
   79 GATA153F11  Unknown            48.98            45.64            52.45
                              1.68             3.32             0.00
   80 UT701       D15S527            50.66            48.96            52.45
                              0.00             0.00             0.00
   81 AFMb345wf9  D15S1022           50.66            48.96            52.45
                              0.00             0.00             0.00
   82 UT1232      D15S195            50.66            48.96            52.45
                              0.00             0.00             0.00
   83 UT1532      D15S196            50.66            48.96            52.45
                              0.00             0.00             0.00
   84 AFMb034yg5  D15S998            50.66            48.96            52.45
                              0.55             1.10             0.00
   85 AFM165xc7   D15S150            51.21            50.06            52.45
                              0.00             0.00             0.00
   86 AFM098yg1   D15S117            51.21            50.06            52.45
                              0.00             0.00             0.00
   87 AFMb293ze9  D15S1008           51.21            50.06            52.45
                              0.00             0.00             0.00
   88 AFM234ye11  D15S198            51.21            50.06            52.45
                              1.12             2.20             0.00
   89 AFM135yc1   D15S148            52.33            52.26            52.45
                              0.00             0.00             0.00
   90 AFM333yb5   D15S1033           52.33            52.26            52.45
                              0.00             0.00             0.00
   91 GATA50G06   D15S643            52.33            52.26            52.45
                              0.00             0.00             0.00
   92 Mfd297      D15S510            52.33            52.26            52.45
                              0.00             0.00             0.00
   93 AFM211zc1   D15S155            52.33            52.26            52.45
                              0.00             0.00             0.00
   94 AFMa121zb9  D15S964            52.33            52.26            52.45
                              5.04             7.76             2.40
   95 AFM344xh1   D15S1036           57.37            60.02            54.85
                              0.00             0.00             0.00
   96 AFMa184ya5  D15S970            57.37            60.02            54.85
                              0.56             0.00             1.20
   97 AFMb297yb5  D15S1011           57.93            60.02            56.05
                              1.12             2.20             0.00
   98 AFM234zd6   D15S159            59.05            62.22            56.05
                              0.00             0.00             0.00
   99 AFMb332yc5  D15S1018           59.05            62.22            56.05
                              0.00             0.00             0.00
  100 GATA192H06  Unknown            59.05            62.22            56.05
                              0.00             0.00             0.00
  101 AFMa210zg5  D15S974            59.05            62.22            56.05
                              0.00             0.00             0.00
  102 AFMb034xh5  D15S997            59.05            62.22            56.05
                              0.00             0.00             0.00
  103 AFMa297zd5  D15S987            59.05            62.22            56.05
                              0.56             1.10             0.00
  104 AFMa349wc5  D15S993            59.61            63.32            56.05
                              0.56             1.11             0.00
  105 Mfd102      D15S108            60.17            64.43            56.05
                              0.00             0.00             0.00
  106 UT7521      D15S538            60.17            64.43            56.05
                              0.00             0.00             0.00
  107 GATA151F03  D15S1507           60.17            64.43            56.05
                              1.11             2.20             0.00
  108 AFMb337wb1  D15S1020           61.28            66.63            56.05
                              0.00             0.00             0.00
  109 AFMb295xh1  D15S1009           61.28            66.63            56.05
                              0.56             1.10             0.00
  110 UT5980      D15S534            61.84            67.73            56.05
                              0.00             0.00             0.00
  111 ATA24A06    D15S651            61.84            67.73            56.05
                              0.56             0.00             1.20
  112 AFM350vh1   D15S213            62.40            67.73            57.25
                              0.00             0.00             0.00
  113 AFM205ye3   D15S153            62.40            67.73            57.25
                              1.80             3.92             0.00
  114 AFM214xd10  D15S125            64.20            71.65            57.25
                              2.70             3.92             1.19
  115 AFMa272zd9  D15S983            66.90            75.57            58.44
                              0.00             0.00             0.00
  116 AFMa301ze9  D15S988            66.90            75.57            58.44
                              0.00             0.00             0.00
  117 AFMb316zb1  D15S1015           66.90            75.57            58.44
                              0.95             1.62             0.00
  118 AFMb057wd1  D15S1000           67.85            77.19            58.44
                              1.61             4.85             0.00
  119 AFMb360zd9  D15S1025           69.46            82.04            58.44
                              1.27             0.00             1.20
  120 AFMa143xc5  D15S216            70.73            82.04            59.64
                              0.00             0.00             0.00
  121 ATA22G05    D15S650            70.73            82.04            59.64
                              0.00             0.00             0.00
  122 AFMa225xc9  D15S977            70.73            82.04            59.64
                              0.55             1.07             0.00
  123 AFM262xb1   D15S131            71.28            83.11            59.64
                              0.54             1.07             0.00
  124 AFMa232zd1  D15S980            71.82            84.18            59.64
                              0.00             0.00             0.00
  125 AFM248yh1   D15S160            71.82            84.18            59.64
                              0.00             0.00             0.00
  126 GATA85D02   D15S818            71.82            84.18            59.64
                              0.00             0.00             0.00
  127 AFMa151ya9  D15S967            71.82            84.18            59.64
                              0.00             0.00             0.00
  128 UT744       D15S188            71.82            84.18            59.64
                              0.00             0.00             0.00
  129 AFMa085xg5  D15S1050           71.82            84.18            59.64
                              0.00             0.00             0.00
  130 AFM290ya5   D15S204            71.82            84.18            59.64
                              0.00             0.00             0.00
  131 UT944       D15S192            71.82            84.18            59.64
                              0.00             0.00             0.00
  132 AFMa139zb1  D15S965            71.82            84.18            59.64
                              0.00             0.00             0.00
  133 AFMa244wa5  D15S981            71.82            84.18            59.64
                              0.00             0.00             0.00
  134 AFM207xa3   D15S124            71.82            84.18            59.64
                              0.55             0.00             1.20
  135 AFMc003zd5  D15S1026           72.37            84.18            60.84
                              0.00             0.00             0.00
  136 AFMa339xd5  D15S991            72.37            84.18            60.84
                              0.00             0.00             0.00
  137 AFMb065xd1  D15S1001           72.37            84.18            60.84
                              0.57             1.07             0.00
  138 D15S105     D15S105            72.94            85.25            60.84
                              0.00             0.00             0.00
  139 AFM200ve9   D15S197            72.94            85.25            60.84
                              0.00             0.00             0.00
  140 AFM046xc9   D15S145            72.94            85.25            60.84
                              0.00             0.00             0.00
  141 AFM019tc9   D15S114            72.94            85.25            60.84
                              0.00             0.00             0.00
  142 AFMa132yb1  D15S215            72.94            85.25            60.84
                              0.58             1.07             0.00
  143 AFMa210ya9  D15S973            73.52            86.32            60.84
                              0.00             0.00             0.00
  144 AFMa274yb1  D15S984            73.52            86.32            60.84
                              1.17             2.13             0.00
  145 AFMc012wd9  D15S1027           74.69            88.45            60.84
                              0.00             0.00             0.00
  146 AFMb347wa9  D15S1023           74.69            88.45            60.84
                              0.58             0.00             1.33
  147 AFMa312yg5  D15S989            75.27            88.45            62.17
                              0.00             0.00             0.00
* 148 GATA177D05  Unknown            75.27            88.45            62.17
                              0.00             0.00             0.00
  149 AFM158ye1   D15S969            75.27            88.45            62.17
                              0.00             0.00             0.00
  150 AFMb080zh9  D15S1005           75.27            88.45            62.17
                              0.58             0.00             1.33
  151 AFM323yd9   D15S211            75.85            88.45            63.50
                              0.00             0.00             0.00
  152 AFMa081te1  D15S1047           75.85            88.45            63.50
                              0.00             0.00             0.00
  153 AFM346tb5   D15S1037           75.85            88.45            63.50
                              1.84             3.45             0.00
  154 AFMa031xf5  D15S1041           77.69            91.90            63.50
                              0.61             0.00             1.34
  155 AFM299yf9   D15S206            78.30            91.90            64.84
                              0.62             0.00             1.33
  156 AFM211xh2   D15S154            78.92            91.90            66.17
                              0.00             0.00             0.00
  157 UT941       D15S189            78.92            91.90            66.17
                              0.00             0.00             0.00
  158 ATA24D04    D15S653            78.92            91.90            66.17
                              0.00             0.00             0.00
  159 Mfd288      D15S175            78.92            91.90            66.17
                              0.00             0.00             0.00
  160 AFM265vb1   D15S200            78.92            91.90            66.17
                              0.00             0.00             0.00
  161 AFM291zh5   D15S205            78.92            91.90            66.17
                              0.00             0.00             0.00
  162 ATA34E12    D15S811            78.92            91.90            66.17
                              0.00             0.00             0.00
  163 AFM029yg1   D15S115            78.92            91.90            66.17
                              1.12             2.30             0.00
  164 AFM200zg11  D15S152            80.04            94.20            66.17
                              0.00             0.00             0.00
  165 AFMa204zg5  D15S972            80.04            94.20            66.17
                              0.00             0.00             0.00
  166 AFMb046yh1  D15S999            80.04            94.20            66.17
                              0.00             0.00             0.00
  167 UT7572      D15S539            80.04            94.20            66.17
                              2.24             4.61             0.00
  168 AFM309zf1   D15S1030           82.28            98.81            66.17
                              0.00             0.00             0.00
  169 AFM281yh1   D15S201            82.28            98.81            66.17
                              0.00             0.00             0.00
  170 AFM182yb4   D15S151            82.28            98.81            66.17
                              0.56             0.00             1.07
  171 AFM107xg7   D15S199            82.84            98.81            67.24
                              0.00             0.00             0.00
  172 ATA28G05    D15S655            82.84            98.81            67.24
                              0.56             0.00             1.06
  173 AFMa232yf9  D15S979            83.40            98.81            68.30
                              0.00             0.00             0.03
  174 AFMa055zh5  D15S1046           83.40            98.81            68.33
                              2.24             3.45             0.24
  175 UT644       D15S526            85.64           102.26            68.57
                              0.00             0.00             0.30
* 176 UT479       D15S183            85.64           102.26            68.87
                              0.00             0.00             0.50
  177 AFMa054wh9  D15S1045           85.64           102.26            69.37
                              0.00             0.00             0.00
  178 AFM282wg5   D15S202            85.64           102.26            69.37
                              0.00             0.00             0.00
  179 UT478       D15S522            85.64           102.26            69.37
                              0.00             0.00             0.00
  180 AFM078zf7   D15S116            85.64           102.26            69.37
                              1.17             0.37             1.20
  181 AFMa113wh5  D15S963            86.81           102.63            70.57
                              0.00             0.38             0.00
  182 AFM234vf12  D15S158            86.81           103.01            70.57
                              0.00             0.40             0.00
  183 AFMb027wd5  D15S996            86.81           103.41            70.57
                              0.00             0.00             0.00
  184 FES         Unknown            86.81           103.41            70.57
                              0.00             0.00             0.00
  185 AFM224xe11  D15S127            86.81           103.41            70.57
                              0.00             0.00             3.08
  186 IP15M9      Unknown            86.81           103.41            73.65
                              3.21             2.62             2.76
  187 ATA24A08    D15S652            90.02           106.03            76.41
                              2.80             4.30             1.18
  188 D15S37      D15S37             92.82           110.33            77.59
                              5.62             7.78             1.17
  189 ATA22D04    D15S649            98.44           118.11            78.76
                              0.00             0.00             0.47
  190 GATA128A02  Unknown            98.44           118.11            79.23
                              0.00             0.00             0.00
  191 AFMb077yd5  D15S1004           98.44           118.11            79.23
                              0.00             1.47             0.00
* 192 UT5205      D15S531            98.44           119.58            79.23
                              2.15             0.70             2.16
  193 GATA73F01   D15S816           100.59           120.28            81.39
                              0.00             0.00             0.00
  194 AFM357td9   D15S1038          100.59           120.28            81.39
                              0.00             0.00             0.48
  195 AFM072yb11  D15S130           100.59           120.28            81.87
                              1.62             2.15             0.32
  196 AFM217zg1   D15S157           102.21           122.43            82.19
                              0.00             0.00             0.28
  197 AFM309vg9   D15S207           102.21           122.43            82.47
                              0.00             0.00             0.00
  198 GATA161C02  Unknown           102.21           122.43            82.47
                              2.65             3.29             2.18
  199 GATA22F01   D15S657           104.86           125.72            84.65
                              2.85             3.29             2.44
  200 UT6886      D15S536           107.71           129.01            87.09
                              0.00             0.00             0.84
  201 AFMb306xd9  D15S1014          107.71           129.01            87.93
                              0.00             0.00             0.00
  202 AFM338yc5   D15S1034          107.71           129.01            87.93
                              1.58             0.00             2.15
  203 AFM331vb5   D15S212           109.29           129.01            90.08
                              0.00             0.00             0.00
  204 UT6124      D15S533           109.29           129.01            90.08
                              0.00             0.00             0.00
  205 GATA197B10  Unknown           109.29           129.01            90.08
                              0.00             0.00             0.00
  206 Mfd87       D15S107           109.29           129.01            90.08
                              1.65             3.27             0.00
  207 AFMa283xh5  D15S985           110.94           132.28            90.08
                              1.64             0.00             3.27
  208 AFMa140ye5  D15S966           112.58           132.28            93.35
                              0.00             0.00             0.00
  209 AFM164zc9   D15S120           112.58           132.28            93.35
                              0.00             0.00             0.00
  210 AFM286zb5   D15S203           112.58           132.28            93.35
                              3.30             0.00             5.89
  211 Mfd49A      D15S87            115.88           132.28            99.24
                              6.26             4.06            10.44
  212 GATA27A03   D15S642           122.14           136.34           109.68
