      Marker      Dnumber      sex-ave(cM)      female(cM)        male(cM)

    1 AFM214yg7   D1S243              0.00             0.00             0.00
                              4.22             4.46             3.54
    2 AFM280we5   D1S468              4.22             4.46             3.54
                              4.63             2.94             6.67
    3 AFM344we9   D1S2845             8.85             7.40            10.21
                              1.93             3.80             0.00
    4 AFM123xc3   D1S2893            10.78            11.20            10.21
                              0.00             0.00             0.00
    5 GATA68D01   Unknown            10.78            11.20            10.21
                              0.00             0.00             0.00
    6 AFMa203yc1  D1S2660            10.78            11.20            10.21
                              1.09             1.10             1.09
    7 AFMa131ya5  D1S2633            11.87            12.30            11.30
                              0.00             0.00             0.00
    8 AFMb355zh5  D1S2795            11.87            12.30            11.30
                              2.17             3.27             0.66
    9 AFMa052wg1  D1S2870            14.04            15.57            11.96
                              0.00             0.00             0.43
   10 AFMb039zg9  D1S2731            14.04            15.57            12.39
                              0.00             0.00             0.00
   11 AFM147yf8   D1S214             14.04            15.57            12.39
                              0.55             0.00             1.09
   12 AFMa210xg9  D1S2663            14.59            15.57            13.48
                              0.00             0.00             0.00
   13 AFMa152xg5  D1S2642            14.59            15.57            13.48
                              0.00             0.00             0.00
   14 AFM254wb9   D1S253             14.59            15.57            13.48
                              0.00             0.00             0.00
*  15 GATA23G09   D1S1646            14.59            15.57            13.48
                              0.54             1.08             0.00
*  16 GATA4H04    D1S548             15.13            16.65            13.48
                              0.00             0.00             0.00
   17 AFMa295yh5  D1S2694            15.13            16.65            13.48
                              1.09             1.12             1.07
   18 GGAA3A07    D1S1612            16.22            17.77            14.55
                              0.00             0.00             0.00
   19 AFMa128ye9  D1S508             16.22            17.77            14.55
                              0.00             0.00             0.00
   20 AFMa222ze9  D1S2666            16.22            17.77            14.55
                              4.39             0.97             6.49
   21 UT1962      D1S1160            20.61            18.74            21.04
                              0.00             1.26             0.00
   22 AFMa123ya9  D1S503             20.61            20.00            21.04
                              0.00             0.00             0.00
   23 AFM220yf4   D1S244             20.61            20.00            21.04
                              0.00             0.00             0.00
   24 AFM247te9   D1S450             20.61            20.00            21.04
                              0.00             0.00             0.00
   25 AFMb049we9  D1S2736            20.61            20.00            21.04
                              2.74             2.76             2.15
   26 UT5067      D1S2213            23.35            22.76            23.19
                              0.00             0.61             0.00
   27 ATA9B08     Unknown            23.35            23.37            23.19
                              1.33             2.81             0.00
   28 AFMa224wg9  D1S2667            24.68            26.18            23.19
                              0.00             4.36             0.00
   29 UT491       D1S1151            24.68            30.54            23.19
                              5.25             4.36             2.15
   30 GATA27E01   D1S1597            29.93            34.90            25.34
                              0.00             0.00             0.00
   31 AFM309ve9   D1S489             29.93            34.90            25.34
                              0.00             0.00             0.00
   32 AFM196xb4   D1S228             29.93            34.90            25.34
                              0.00             0.00             0.00
   33 AFM217yh8   D1S434             29.93            34.90            25.34
                              0.00             0.00             0.00
   34 AFMb067xh5  D1S2740            29.93            34.90            25.34
                              0.00             0.00             0.00
   35 AFMb007wb1  D1S2718            29.93            34.90            25.34
                              1.09             2.20             0.00
   36 UT1987      D1S402             31.02            37.10            25.34
                              0.00             0.00             0.00
   37 AFM321zb9   D1S2834            31.02            37.10            25.34
                              2.73             0.67             4.31
   38 AFMb032ze1  D1S2728            33.75            37.77            29.65
                              0.00             0.03             0.00
   39 UT1441      D1S1176            33.75            37.80            29.65
                              0.00             0.18             0.00
   40 UT2127      D1S407             33.75            37.98            29.65
                              0.00             0.22             0.00
   41 AFMa232zb9  D1S2672            33.75            38.20            29.65
                              0.00             0.00             0.00
   42 AFMa127zc9  D1S507             33.75            38.20            29.65
                              1.65             1.10             2.19
   43 UT7498      D1S1193            35.40            39.30            31.84
                              1.65             1.02             2.20
   44 GATA29A05   D1S3669            37.05            40.32            34.04
                              0.00             0.09             0.00
   45 AFMa298yc5  D1S2697            37.05            40.41            34.04
                              0.00             0.00             0.00
   46 AFM217zc3   D1S436             37.05            40.41            34.04
                              1.46             2.58             0.00
   47 GAAT4D10    D1S1592            38.51            42.99            34.04
                              3.41             4.94             0.00
   48 AFM296te9   D1S2826            41.92            47.93            34.04
                              1.80             0.51             5.19
   49 AFMa153xe9  D1S2644            43.72            48.44            39.23
                              1.61             1.97             1.29
   50 AFM078yg5   D1S199             45.33            50.41            40.52
                              0.00             0.00             0.00
   51 ATA43C09    Unknown            45.33            50.41            40.52
                              0.00             0.00             0.00
   52 AFM296zc9   D1S483             45.33            50.41            40.52
                              0.00             0.00             0.00
   53 GGAT2A07    D1S552             45.33            50.41            40.52
                              0.00             0.00             0.00
   54 AFMa162zc9  D1S2647            45.33            50.41            40.52
                              1.28             1.29             1.24
   55 AFM343za9   D1S2843            46.61            51.70            41.76
                              0.00             0.00             0.00
   56 ATA47D07    Unknown            46.61            51.70            41.76
                              1.92             3.88             0.00
   57 AFM290vb9   D1S478             48.53            55.58            41.76
                              0.00             0.00             0.00
   58 GGAA30B06   Unknown            48.53            55.58            41.76
                              0.00             0.00             0.00
   59 a134vb1     D1S512             48.53            55.58            41.76
                              0.00             0.00             0.00
   60 Mfd293      D1S334             48.53            55.58            41.76
                              0.00             0.00             0.00
   61 AFMb016yb5  D1S2725            48.53            55.58            41.76
                              0.00             0.00             0.00
   62 UT497       D1S378             48.53            55.58            41.76
                              0.00             0.00             0.00
   63 AFM303tg1   D1S2828            48.53            55.58            41.76
                              0.00             0.00             0.00
   64 AFMb040yb1  D1S2732            48.53            55.58            41.76
                              0.54             1.08             0.00
   65 AFM193xb12  D1S2702            49.07            56.66            41.76
                              0.00             0.00             0.00
   66 UT5123      D1S1539            49.07            56.66            41.76
                              1.21             2.47             0.00
   67 AFMa048yh1  D1S2864            50.28            59.13            41.76
                              2.42             2.46             2.40
   68 AFM113xc7   D1S458             52.70            61.59            44.16
                              0.00             0.00             0.00
   69 AFMb046xa5  D1S2734            52.70            61.59            44.16
                              0.00             0.00             0.00
   70 AFMa300wb9  D1S2698            52.70            61.59            44.16
                              0.00             0.00             0.00
   71 AFM294zd1   D1S482             52.70            61.59            44.16
                              0.00             0.00             0.00
   72 AFM329zh5   D1S2838            52.70            61.59            44.16
                              0.00             0.00             0.00
   73 AFMa114yd5  D1S2620            52.70            61.59            44.16
                              1.60             3.67             0.00
   74 AFMa240wd9  D1S2674            54.30            65.26            44.16
                              0.80             0.00             1.20
   75 GGAA22F10   D1S1676            55.10            65.26            45.36
                              0.00             0.00             0.00
   76 GGAA2D04    Unknown            55.10            65.26            45.36
                              0.00             0.00             0.00
   77 UT646       D1S1152            55.10            65.26            45.36
                              0.00             0.00             0.00
   78 AFMa067xe5  D1S2885            55.10            65.26            45.36
                              0.00             0.00             0.00
   79 AFM200yf12  D1S234             55.10            65.26            45.36
                              1.09             2.14             0.00
   80 AFM259vc1   D1S455             56.19            67.40            45.36
                              0.00             0.00             0.00
   81 AFMb291wb5  D1S2749            56.19            67.40            45.36
                              0.00             0.00             0.00
   82 UT1928      D1S1177            56.19            67.40            45.36
                              0.29             0.61             0.00
   83 AFMb350zb1  D1S2787            56.48            68.01            45.36
                              0.26             0.46             0.00
   84 ATA20F08    D1S1622            56.74            68.47            45.36
                              0.00             0.00             0.00
   85 AFMa141zb1  D1S2639            56.74            68.47            45.36
                              0.00             0.00             0.00
   86 AFM311ve1   D1S493             56.74            68.47            45.36
                              0.00             0.00             0.00
   87 AFM355te5   D1S2854            56.74            68.47            45.36
                              0.00             0.00             0.00
   88 AFMa133xc5  D1S511             56.74            68.47            45.36
                              0.00             0.00             0.00
   89 AFMa065wd5  D1S2884            56.74            68.47            45.36
                              0.00             0.00             0.00
   90 AFM240za9   D1S449             56.74            68.47            45.36
                              1.09             2.14             0.00
   91 AFM234tb6   D1S247             57.83            70.61            45.36
                              0.00             0.00             0.00
   92 AFM281xg9   D1S470             57.83            70.61            45.36
                              0.00             0.00             0.00
   93 AFMb346yb5  D1S2781            57.83            70.61            45.36
                              2.18             3.21             1.19
   94 AFMa134xf9  D1S513             60.01            73.82            46.55
                              1.09             2.15             0.00
   95 AFM211xa1   D1S241             61.10            75.97            46.55
                              0.00             0.00             0.00
   96 AFM199zd2   D1S233             61.10            75.97            46.55
                              0.00             0.00             0.00
   97 UT2521      D1S1161            61.10            75.97            46.55
                              0.55             1.08             0.00
   98 AFMa244yd5  D1S2676            61.65            77.05            46.55
                              0.00             0.00             0.00
   99 AFMb319wb1  D1S2765            61.65            77.05            46.55
                              0.55             1.07             0.00
  100 AFM063xb6   D1S195             62.20            78.12            46.55
                              0.00             0.00             0.00
  101 AFM077xg1   D1S2832            62.20            78.12            46.55
                              0.00             0.00             0.00
  102 AFM094tb7   D1S201             62.20            78.12            46.55
                              0.54             0.00             1.20
  103 AFM311wb1   D1S2830            62.74            78.12            47.75
                              0.00             0.00             0.00
  104 ATA79C10    Unknown            62.74            78.12            47.75
                              0.00             0.00             0.00
  105 AFMa107wf9  D1S2613            62.74            78.12            47.75
                              0.00             0.00             0.00
  106 AFM269xd5   D1S2783            62.74            78.12            47.75
                              1.64             2.14             0.83
  107 GATA100B09  Unknown            64.38            80.26            48.58
                              0.00             0.00             0.37
  108 AFM234xb2   D1S441             64.38            80.26            48.95
                              0.00             0.00             0.00
  109 GATA137F01  Unknown            64.38            80.26            48.95
                              0.00             0.00             0.00
  110 UT7270      D1S1190            64.38            80.26            48.95
                              0.00             0.00             0.00
  111 AFM329xd5   D1S496             64.38            80.26            48.95
                              0.00             0.00             0.00
  112 AFMa190zc5  D1S2656            64.38            80.26            48.95
                              0.00             0.00             0.00
* 113 UT5144      D1S396             64.38            80.26            48.95
                              0.00             0.00             0.00
  114 UT865       D1S393             64.38            80.26            48.95
                              0.00             0.00             0.00
  115 AFM205xd2   D1S2730            64.38            80.26            48.95
                              0.00             0.00             0.00
* 116 ATA7G11     Unknown            64.38            80.26            48.95
                              0.54             1.07             0.00
  117 AFMb037xf1  D1S2729            64.92            81.33            48.95
                              0.55             1.08             0.00
  118 ATA4E01     Unknown            65.47            82.41            48.95
                              0.00             0.00             0.00
  119 AFM260zg5   D1S255             65.47            82.41            48.95
                              0.00             0.00             0.00
  120 AFMa134zc1  D1S2637            65.47            82.41            48.95
                              0.00             0.00             0.00
  121 AFM282zd1   D1S472             65.47            82.41            48.95
                              0.00             0.00             0.00
  122 AFMb013we1  D1S2723            65.47            82.41            48.95
                              1.75             2.15             0.60
  123 UT499       D1S380             67.22            84.56            49.55
                              0.00             0.00             0.61
  124 Mfd217      D1S186             67.22            84.56            50.16
                              2.64             4.34             1.20
  125 AFM214yc7   D1S432             69.86            88.90            51.36
                              0.00             0.00             0.00
  126 UT5176      D1S1157            69.86            88.90            51.36
                              0.55             1.08             0.00
  127 AFMb077wg9  D1S2743            70.41            89.98            51.36
                              0.00             0.00             0.00
  128 AFMa083wf5  D1S2892            70.41            89.98            51.36
                              0.00             0.00             0.00
  129 GGAA24E02   Unknown            70.41            89.98            51.36
                              0.00             0.00             0.00
  130 HYTM1       Unknown            70.41            89.98            51.36
                              0.00             0.00             0.00
  131 UT7056      D1S1188            70.41            89.98            51.36
                              0.00             0.00             0.00
  132 AFMa132wa9  D1S509             70.41            89.98            51.36
                              0.00             0.00             0.00
  133 AFMa191ze9  D1S2657            70.41            89.98            51.36
                              0.00             0.00             0.00
  134 GATA27F07   D1S1598            70.41            89.98            51.36
                              0.72             1.43             0.00
  135 AFMa130vh9  D1S2632            71.13            91.41            51.36
                              0.00             0.00             0.00
  136 AFMa337wc1  D1S2706            71.13            91.41            51.36
                              1.46             2.86             0.00
  137 UT862       D1S391             72.59            94.27            51.36
                              0.00             0.00             0.00
  138 GATA129H04  D1S3721            72.59            94.27            51.36
                              0.00             0.00             0.00
  139 AFM200wh8   D1S2722            72.59            94.27            51.36
                              0.00             0.00             0.00
  140 AFM092xd11  D1S2861            72.59            94.27            51.36
                              0.00             0.00             0.00
  141 GATA65H06   D1S2130            72.59            94.27            51.36
                              0.62             1.23             0.00
  142 AFM154xg11  D1S463             73.21            95.50            51.36
                              0.00             0.00             0.00
  143 AFMa155tg1  D1S2645            73.21            95.50            51.36
                              0.00             0.00             0.00
  144 AFM057xf4   D1S193             73.21            95.50            51.36
                              0.00             0.00             0.00
  145 ACT1B03a    D1S1586            73.21            95.50            51.36
                              0.60             1.22             0.00
  146 AFMa349yb5  D1S2713            73.81            96.72            51.36
                              0.00             0.00             0.00
  147 GGAT4C11    D1S1616            73.81            96.72            51.36
                              0.00             0.00             0.00
  148 AFM199zb12  D1S421             73.81            96.72            51.36
                              0.00             0.00             0.00
  149 AFM024xd2   D1S447             73.81            96.72            51.36
                              0.00             0.00             0.00
  150 AFM238vg3   D1S443             73.81            96.72            51.36
                              0.00             0.00             0.00
  151 AFMb044yd9  D1S2733            73.81            96.72            51.36
                              0.00             0.00             0.00
  152 AFM198wa3   D1S231             73.81            96.72            51.36
                              0.00             0.00             0.00
  153 GATA145F08  Unknown            73.81            96.72            51.36
                              0.00             0.00             0.00
  154 AFM122xe1   D1S211             73.81            96.72            51.36
                              1.85             3.80             0.00
  155 Mfd252      D1S319             75.66           100.52            51.36
                              0.00             0.00             0.00
  156 AFM291vh5   D1S2824            75.66           100.52            51.36
                              0.00             0.00             0.00
  157 AFMb015wc9  D1S2724            75.66           100.52            51.36
                              0.00             0.00             0.00
  158 GATA72H07   D1S2134            75.66           100.52            51.36
                              0.00             0.00             0.00
  159 GATA153G01  Unknown            75.66           100.52            51.36
                              0.00             0.00             0.00
  160 AFM273vd1   D1S2802            75.66           100.52            51.36
                              0.00             0.00             0.00
  161 AFM248tf9   D1S451             75.66           100.52            51.36
                              0.00             0.00             0.00
  162 AFMb286xh9  D1S2748            75.66           100.52            51.36
                              0.00             0.00             0.00
  163 AFMa058we5  D1S2879            75.66           100.52            51.36
                              0.00             0.00             0.00
  164 AFMa244yf5  D1S2677            75.66           100.52            51.36
                              0.00             0.00             0.00
  165 AFMa055xe5  D1S2874            75.66           100.52            51.36
                              0.00             0.00             0.00
  166 AFMb359wd1  D1S2797            75.66           100.52            51.36
                              0.00             0.00             0.00
  167 AFMb009yd9  D1S2720            75.66           100.52            51.36
                              0.61             0.00             1.06
  168 AFM073xe9   D1S197             76.27           100.52            52.42
                              0.00             0.00             0.00
  169 AFM198ye9   D1S232             76.27           100.52            52.42
                              0.00             0.00             0.00
  170 AFM205zc11  D1S427             76.27           100.52            52.42
                              0.00             0.00             0.00
  171 GTAT1A7     Unknown            76.27           100.52            52.42
                              0.91             1.98             0.00
  172 UT665       D1S386             77.18           102.50            52.42
                              1.07             1.61             0.11
  173 GATA48E12   D1S1661            78.25           104.11            52.53
                              0.00             0.00             0.16
  174 AFMa203ye9  D1S2661            78.25           104.11            52.69
                              1.55             3.30             0.80
  175 AFM192xg3   D1S417             79.80           107.41            53.49
                              0.97             0.00             1.07
  176 AFMa184xe1  D1S2652            80.77           107.41            54.56
                              1.64             3.29             0.00
  177 AFM093xf3   D1S200             82.41           110.70            54.56
                              0.00             0.00             0.00
  178 AFM288wf9   D1S475             82.41           110.70            54.56
                              0.66             0.00             1.07
  179 AFMb076xh9  D1S2742            83.07           110.70            55.63
                              0.00             0.00             0.00
  180 AFMa283yc9  D1S2690            83.07           110.70            55.63
                              2.61             4.39             1.07
  181 AFMa050zc5  D1S2867            85.68           115.09            56.70
                              0.00             0.00             0.00
  182 AFM289yc1   D1S476             85.68           115.09            56.70
                              0.00             0.00             0.00
  183 AFMa082wb5  D1S2890            85.68           115.09            56.70
                              0.00             0.00             0.00
  184 UT419       D1S1150            85.68           115.09            56.70
                              0.00             0.00             0.00
  185 AFMa219zc1  D1S2665            85.68           115.09            56.70
                              1.09             2.19             0.00
  186 UT2271      D1S405             86.77           117.28            56.70
                              0.00             0.00             0.00
  187 AFMa183zd9  D1S2650            86.77           117.28            56.70
                              0.00             0.00             0.00
  188 AFMa052wc5  D1S2869            86.77           117.28            56.70
                              0.54             1.10             0.00
  189 AFMb292zg1  D1S2752            87.31           118.38            56.70
                              0.00             0.00             0.00
  190 AFMa300wg9  D1S2700            87.31           118.38            56.70
                              0.00             0.00             0.00
  191 AFMa163tg1  D1S2648            87.31           118.38            56.70
                              0.00             0.00             0.00
  192 AFM162xg3   D1S220             87.31           118.38            56.70
                              0.22             0.37             0.00
  193 AFM316yb9   D1S2831            87.53           118.75            56.70
                              0.33             0.73             0.00
  194 AFMb072wg9  D1S2741            87.86           119.48            56.70
                              0.54             1.10             0.00
  195 AFMb361xc5  D1S2801            88.40           120.58            56.70
                              0.00             0.00             0.00
  196 AFM256yh5   D1S2770            88.40           120.58            56.70
                              1.09             1.10             0.47
  197 AFMa054wa9  D1S2873            89.49           121.68            57.17
                              0.00             0.00             0.60
* 198 GATA165C03  D1S3728            89.49           121.68            57.77
                              0.00             0.00             0.00
* 199 GATA26G09   D1S1596            89.49           121.68            57.77
                              1.09             1.09             1.06
  200 AFM095wc9   D1S203             90.58           122.77            58.83
                              0.00             0.00             0.00
  201 AFMb050zb5  D1S2737            90.58           122.77            58.83
                              1.31             2.20             0.00
  202 AFM288zg1   D1S2822            91.89           124.97            58.83
                              0.00             0.00             0.00
  203 AFM345xb5   D1S2846            91.89           124.97            58.83
                              1.97             1.10             3.21
  204 AFMb351xc9  D1S2788            93.86           126.07            62.04
                              0.00             0.00             0.00
  205 AFM286xd9   D1S473             93.86           126.07            62.04
                              0.00             0.00             0.00
  206 AFM120xd4   D1S209             93.86           126.07            62.04
                              1.45             1.65             1.06
  207 AFM197xb6   D1S230             95.31           127.72            63.10
                              0.73             1.66             0.00
  208 AFM220yc7   D1S438             96.04           129.38            63.10
                              0.00             0.00             0.00
  209 AFM225zg7   D1S246             96.04           129.38            63.10
                              0.00             0.00             0.00
  210 AFMa140yh1  D1S2638            96.04           129.38            63.10
                              0.00             0.00             0.00
  211 AFM323xa9   D1S2835            96.04           129.38            63.10
                              1.45             1.65             1.07
  212 GATA28F10   Unknown            97.49           131.03            64.17
                              0.00             0.00             0.00
  213 AFMa152yg9  D1S515             97.49           131.03            64.17
                              0.72             1.64             0.00
  214 AFM292zf5   D1S2825            98.21           132.67            64.17
                              0.00             0.00             0.00
  215 AFMa273zb1  D1S2684            98.21           132.67            64.17
                              0.00             0.00             0.00
  216 AFMa112zd5  D1S2617            98.21           132.67            64.17
                              0.00             0.00             0.00
  217 AFMa070wd9  D1S2886            98.21           132.67            64.17
                              0.00             0.00             0.00
  218 AFMb301xd1  D1S2754            98.21           132.67            64.17
                              0.00             0.00             0.00
* 219 ATA52G05    Unknown            98.21           132.67            64.17
                              0.00             0.00             0.00
  220 AFMa050td5  D1S2866            98.21           132.67            64.17
                              0.00             0.00             0.00
  221 AFMa346we5  D1S2710            98.21           132.67            64.17
                              1.09             0.00             2.13
  222 AFM074za5   D1S198             99.30           132.67            66.30
                              1.09             2.19             0.00
  223 AFM303vc5   D1S2829           100.39           134.86            66.30
                              0.00             0.00             0.00
  224 AFMc006xb5  D1S2806           100.39           134.86            66.30
                              0.00             0.00             0.00
  225 UT2152      D1S1180           100.39           134.86            66.30
                              0.00             0.00             0.00
  226 UT2341      D1S410            100.39           134.86            66.30
                              0.00             0.00             0.00
  227 UT415       D1S368            100.39           134.86            66.30
                              1.09             2.19             0.00
  228 AFM016xh3   D1S411            101.48           137.05            66.30
                              0.00             0.00             0.00
  229 GATA26C12   D1S1648           101.48           137.05            66.30
                              0.00             0.00             0.00
  230 AFMb361yd5  D1S2803           101.48           137.05            66.30
                              0.00             0.00             0.00
  231 AFM126xa1   D1S462            101.48           137.05            66.30
                              0.00             0.00             0.00
  232 UT2062      D1S1178           101.48           137.05            66.30
                              0.00             0.00             0.00
  233 AFM161xb2   D1S219            101.48           137.05            66.30
                              0.54             0.00             1.07
  234 AFM051xh8   D1S192            102.02           137.05            67.37
                              0.00             0.00             0.00
  235 UT7726      D1S1195           102.02           137.05            67.37
                              0.00             0.00             0.00
  236 AFMa102wf9  D1S2897           102.02           137.05            67.37
                              0.00             0.00             0.00
  237 UT5492      D1S1162           102.02           137.05            67.37
                              0.00             0.00             0.00
  238 AFM240wb4   D1S448            102.02           137.05            67.37
                              0.00             0.00             0.00
* 239 GATA61A06   D1S1665           102.02           137.05            67.37
                              0.00             0.00             0.00
  240 AFMa099wc1  D1S2895           102.02           137.05            67.37
                              0.00             0.00             0.00
  241 GATA124B02  Unknown           102.02           137.05            67.37
                              0.00             0.00             0.00
  242 GATA152F05  Unknown           102.02           137.05            67.37
                              0.00             0.00             0.00
  243 AFM319zh9   D1S494            102.02           137.05            67.37
                              0.00             0.00             0.00
  244 AFM179yg3   D1S224            102.02           137.05            67.37
                              0.00             0.00             0.00
  245 AFM359tb5   D1S501            102.02           137.05            67.37
                              0.00             0.00             0.00
  246 AFMb359xe9  D1S2798           102.02           137.05            67.37
                              2.21             2.14             2.39
  247 GAAT1D9     D1S532            104.23           139.19            69.76
                              0.00             0.00             0.00
  248 AFM270vc9   D1S464            104.23           139.19            69.76
                              0.00             0.00             0.00
  249 AFM355th1   D1S2855           104.23           139.19            69.76
                              0.00             0.00             0.00
  250 AFMb314yc1  D1S2761           104.23           139.19            69.76
                              0.00             0.00             0.00
* 251 AFM294wg1   D1S481            104.23           139.19            69.76
                              0.56             0.00             1.20
  252 GGAA10G11   Unknown           104.79           139.19            70.96
                              0.00             0.00             0.00
  253 GATA193D02  Unknown           104.79           139.19            70.96
                              0.00             0.00             0.00
  254 AFMa107ya9  D1S2614           104.79           139.19            70.96
                              0.00             0.00             0.00
  255 AFM154xc7   D1S216            104.79           139.19            70.96
                              0.00             0.00             0.00
  256 AFM338wb5   D1S499            104.79           139.19            70.96
                              0.66             0.88             0.40
  257 AFMa056xc9  D1S2876           105.45           140.07            71.36
                              1.00             1.27             0.80
  258 AFMa113zg1  D1S2618           106.45           141.34            72.16
                              0.00             0.00             0.00
  259 AFM333zh9   D1S2841           106.45           141.34            72.16
                              1.11             0.00             1.19
  260 AFM343vf9   D1S500            107.56           141.34            73.35
                              0.00             1.65             0.00
  261 AFM270zf5   D1S465            107.56           142.99            73.35
                              0.00             0.00             0.00
  262 ATA104E04   Unknown           107.56           142.99            73.35
                              1.48             1.43             0.00
  263 AFM210vc9   D1S430            109.04           144.42            73.35
                              0.00             0.00             0.00
* 264 GATA109     D1S1728           109.04           144.42            73.35
                              4.65             6.65             3.61
  265 AFM116xb2   D1S207            113.69           151.07            76.96
                              0.00             0.00             0.00
  266 UT1383      D1S1159           113.69           151.07            76.96
                              0.00             0.00             0.00
  267 AFM356tb9   D1S2856           113.69           151.07            76.96
                              0.00             0.00             0.00
  268 AFMa060yh9  D1S2882           113.69           151.07            76.96
                              0.00             0.00             0.00
  269 AFM080xd3   D1S454            113.69           151.07            76.96
                              0.00             0.00             0.00
  270 AFMa047zd9  D1S2862           113.69           151.07            76.96
                              0.00             0.00             0.00
  271 AFMb335xb5  D1S2774           113.69           151.07            76.96
                              0.00             0.00             0.00
  272 GATA6A05    D1S551            113.69           151.07            76.96
                              0.00             0.00             0.00
  273 AFM184xe11  D1S226            113.69           151.07            76.96
                              0.14             0.44             0.00
  274 AFM120xa5   D1S208            113.83           151.51            76.96
                              0.41             0.63             0.00
  275 UT494       D1S375            114.24           152.14            76.96
                              0.00             0.00             0.00
  276 ATA104H01   Unknown           114.24           152.14            76.96
                              0.00             0.00             0.00
  277 AFM299ze9   D1S488            114.24           152.14            76.96
                              0.00             0.00             0.00
  278 AFMc008yc5  D1S2807           114.24           152.14            76.96
                              2.48             5.07             0.00
  279 AFMa081xe9  D1S2889           116.72           157.21            76.96
                              0.00             0.00             0.00
  280 UT967       D1S1541           116.72           157.21            76.96
                              0.00             0.00             0.00
* 281 GATA65B07   Unknown           116.72           157.21            76.96
                              1.42             1.68             1.07
  282 AFMb320yf1  D1S2766           118.14           158.89            78.03
                              2.14             3.38             1.07
  283 AFMa050ta5  D1S2865           120.28           162.27            79.10
                              0.00             0.00             0.00
  284 AFMa125yc1  D1S2627           120.28           162.27            79.10
                              5.23             2.58             5.14
  285 AFM183yg7   D1S415            125.51           164.85            84.24
                              0.00             2.58             0.00
  286 ATA2E04     D1S1588           125.51           167.43            84.24
                              0.00             0.00             0.00
  287 AFM217zb2   D1S435            125.51           167.43            84.24
                              0.65             0.00             1.29
  288 Mfd246      D1S188            126.16           167.43            85.53
                              0.00             0.00             0.00
  289 AFMa051wg9  D1S2868           126.16           167.43            85.53
                              0.00             0.00             0.00
  290 AFM350tg9   D1S2849           126.16           167.43            85.53
                              0.00             0.00             0.00
  291 AFM265xh1   D1S2776           126.16           167.43            85.53
                              0.00             0.00             0.00
  292 UT2069      D1S406            126.16           167.43            85.53
                              0.00             0.00             0.00
  293 AFMb339za9  D1S2779           126.16           167.43            85.53
                              0.00             0.00             0.00
  294 AFM203vd4   D1S424            126.16           167.43            85.53
                              0.00             0.00             0.00
  295 AFMb363xf9  D1S2804           126.16           167.43            85.53
                              2.57             2.87             2.13
  296 AFM199xb6   D1S420            128.73           170.30            87.66
                              0.00             0.00             0.00
  297 ATA1D01     D1S1587           128.73           170.30            87.66
                              0.00             0.00             0.00
  298 UT851       D1S1170           128.73           170.30            87.66
                              0.00             0.00             0.00
  299 AFM205ta11  D1S236            128.73           170.30            87.66
                              0.64             1.42             0.00
  300 GATA124C08  Unknown           129.37           171.72            87.66
                              0.00             0.00             0.00
  301 AFM331vb1   D1S497            129.37           171.72            87.66
                              0.00             0.00             0.00
  302 AFMb297xe1  D1S2753           129.37           171.72            87.66
                              0.00             0.00             0.00
  303 UT5782      D1S1163           129.37           171.72            87.66
                              0.00             0.00             0.00
  304 AFM200wf6   D1S2719           129.37           171.72            87.66
                              0.00             0.00             0.00
  305 AFMb354xd9  D1S2793           129.37           171.72            87.66
                              0.00             0.00             0.00
  306 AFM261ze9   D1S2775           129.37           171.72            87.66
                              0.00             0.00             0.00
  307 AFM164wh2   D1S2664           129.37           171.72            87.66
                              0.00             0.00             0.00
  308 AFMc026yf1  D1S2819           129.37           171.72            87.66
                              0.00             0.00             0.00
  309 AFMc015zc1  D1S2813           129.37           171.72            87.66
                              1.36             1.61             1.07
  310 AFMb059xb9  D1S2739           130.73           173.33            88.73
                              0.61             0.86             0.00
  311 GATA45B07   Unknown           131.34           174.19            88.73
                              0.53             0.75             0.00
  312 ATA27F04    D1S1629           131.87           174.94            88.73
                              0.00             0.00             0.00
  313 GATA4H05    D1S540            131.87           174.94            88.73
                              0.00             0.00             0.00
  314 AFMc008za9  D1S2808           131.87           174.94            88.73
                              0.60             0.67             2.16
  315 AFMb324yg5  D1S2767           132.47           175.61            90.89
                              1.73             0.41             2.15
  316 AFM297zg1   D1S486            134.20           176.02            93.04
                              0.00             0.00             0.00
  317 AFM168yb2   D1S223            134.20           176.02            93.04
                              0.00             0.00             0.00
  318 UT667       D1S1154           134.20           176.02            93.04
                              0.00             0.00             0.00
  319 AFMa102wd9  D1S2896           134.20           176.02            93.04
                              0.00             0.00             0.00
  320 AFM113xf6   D1S206            134.20           176.02            93.04
                              0.00             0.00             0.00
  321 UT5210      D1S1174           134.20           176.02            93.04
                              0.00             0.00             0.00
  322 GATA67E04   D1S1671           134.20           176.02            93.04
                              0.00             0.00             0.00
  323 AFMa230ze1  D1S2671           134.20           176.02            93.04
                              2.14             1.07             3.21
  324 GATA44E08   D1S1657           136.34           177.09            96.25
                              0.00             0.00             0.00
  325 AFMa125xb9  D1S2626           136.34           177.09            96.25
                              0.26             0.00             0.66
  326 AFM191yc1   D1S2699           136.60           177.09            96.91
                              0.28             0.00             0.42
  327 ATA29D04    D1S1631           136.88           177.09            97.33
                              0.00             0.00             0.00
  328 AFMa073zb1  D1S2888           136.88           177.09            97.33
                              0.00             0.00             0.00
  329 AFMb313wd1  D1S2759           136.88           177.09            97.33
                              0.00             0.00             0.00
  330 GATA113H03  Unknown           136.88           177.09            97.33
                              0.00             0.00             0.00
  331 AFM207yg1   D1S429            136.88           177.09            97.33
                              0.00             0.00             0.00
  332 AFM297xf9   D1S485            136.88           177.09            97.33
                              0.00             0.00             0.00
  333 AFM323ya5   D1S495            136.88           177.09            97.33
                              0.71             1.44             0.00
  334 GATA133A08  Unknown           137.59           178.53            97.33
                              1.43             2.88             0.00
  335 AFM205yg3   D1S239            139.02           181.41            97.33
                              0.00             0.00             0.00
  336 AFM186xg7   D1S2688           139.02           181.41            97.33
                              0.00             0.00             0.00
  337 ATA25E07    D1S1627           139.02           181.41            97.33
                              0.00             0.00             0.00
  338 AFM234vb4   D1S248            139.02           181.41            97.33
                              0.00             0.00             0.00
* 339 ATA42G12    Unknown           139.02           181.41            97.33
                              1.37             1.61             1.07
* 340 GATA176G01  D1S3723           140.39           183.02            98.40
                              1.09             1.61             1.07
  341 AFMb352yg9  D1S2792           141.48           184.63            99.47
                              0.00             0.00             0.00
  342 AFMb338wd9  D1S2778           141.48           184.63            99.47
                              0.76             0.00             1.07
  343 AFM164xe1   D1S221            142.24           184.63           100.54
                              0.00             0.00             0.00
  344 AFMa184xd5  D1S2651           142.24           184.63           100.54
                              1.07             2.14             0.00
  345 AFM084xb3   D1S457            143.31           186.77           100.54
                              0.00             0.00             0.00
  346 AFMa339zf5  D1S2708           143.31           186.77           100.54
                              0.00             0.00             0.00
  347 AFMa296we9  D1S2695           143.31           186.77           100.54
                              1.07             2.15             0.00
  348 AFMb032yd1  D1S2726           144.38           188.92           100.54
                              0.00             0.00             0.00
  349 AFM277vh9   D1S2809           144.38           188.92           100.54
                              1.07             2.15             0.00
  350 Mfd227      D1S187            145.45           191.07           100.54
                              0.41             0.00             0.29
  351 AFMb351zc9  D1S2789           145.86           191.07           100.83
                              0.67             0.00             1.85
  352 AFM361td9   D1S502            146.53           191.07           102.68
                              0.00             0.00             0.00
  353 AFM324ve9   D1S2837           146.53           191.07           102.68
                              1.07             2.14             0.00
  354 UT7380      D1S1191           147.60           193.21           102.68
                              0.00             0.00             0.00
  355 AFM197yg1   D1S418            147.60           193.21           102.68
                              0.00             0.00             0.00
  356 AFMb283wf1  D1S2746           147.60           193.21           102.68
                              0.00             0.00             0.00
  357 AFMb305zc9  D1S2756           147.60           193.21           102.68
                              0.00             0.00             0.00
  358 AFM351wb1   D1S2852           147.60           193.21           102.68
                              0.00             0.00             0.00
  359 AFM298vc5   D1S487            147.60           193.21           102.68
                              1.07             1.07             1.06
  360 AFMa060xg5  D1S2881           148.67           194.28           103.74
                              0.00             0.00             0.00
  361 AFM240yg1   D1S250            148.67           194.28           103.74
                              0.53             1.08             0.00
  362 AFM277yf9   D1S467            149.20           195.36           103.74
                              0.00             0.00             0.00
  363 AFM207xc5   D1S2744           149.20           195.36           103.74
                              0.00             0.00             0.00
  364 GGAA20F08   D1S1675           149.20           195.36           103.74
                              0.00             0.00             0.00
  365 AFM036xc5   D1S189            149.20           195.36           103.74
                              0.00             0.00             0.00
  366 AFMa282vd9  D1S2687           149.20           195.36           103.74
                              1.07             2.15             0.00
  367 AFM249zg9   D1S252            150.27           197.51           103.74
                              0.54             1.07             0.00
  368 AFMc026yh5  D1S2820           150.81           198.58           103.74
                              0.00             0.00             0.00
  369 AFMb349wg5  D1S2784           150.81           198.58           103.74
                              0.00             0.00             0.00
  370 AFM234wc9   D1S440            150.81           198.58           103.74
                              0.30             0.64             0.00
  371 AFM248zh9   D1S453            151.11           199.22           103.74
                              0.23             0.44             0.00
  372 AFMa226wa9  D1S2669           151.34           199.66           103.74
                              0.00             0.00             0.00
  373 AFMa055yf1  D1S2875           151.34           199.66           103.74
                              0.54             1.07             0.00
  374 AFM093xc5   D1S2863           151.88           200.73           103.74
                              0.00             0.00             0.00
  375 Mfd215      D1S185            151.88           200.73           103.74
                              0.00             0.00             0.00
  376 GATA12A07   D1S534            151.88           200.73           103.74
                              0.57             1.12             0.00
  377 AFMa151za5  D1S514            152.45           201.85           103.74
                              1.14             1.13             1.18
  378 AFMa311wf5  D1S2344           153.59           202.98           104.92
                              0.00             0.00             0.00
  379 AFMa297xg9  D1S2696           153.59           202.98           104.92
                              1.15             1.13             0.95
  380 AFM234zd12  D1S442            154.74           204.11           105.87
                              1.15             1.13             1.42
  381 AFMa046wd9  D1S2343           155.89           205.24           107.29
                              0.00             0.00             0.00
  382 AFM336xb1   D1S498            155.89           205.24           107.29
                              0.00             0.00             0.00
  383 AFM135yc3   D1S2612           155.89           205.24           107.29
                              0.00             0.00             0.00
  384 AFMc002wf5  D1S2345           155.89           205.24           107.29
                              0.00             0.00             0.29
  385 AFM291xh1   D1S2347           155.89           205.24           107.58
                              0.00             0.00             0.57
  386 UT864       D1S1156           155.89           205.24           108.15
                              2.86             4.53             0.32
  387 AFM207yh6   D1S2346           158.75           209.77           108.47
                              0.57             1.14             0.00
  388 AFM220xf8   D1S305            159.32           210.91           108.47
                              0.00             0.00             0.00
  389 AFM361tb9   D1S2858           159.32           210.91           108.47
                              0.00             0.00             0.00
  390 AFMa357ze5  D1S2715           159.32           210.91           108.47
                              0.46             1.28             0.00
  391 GATA13C08   Unknown           159.78           212.19           108.47
                              1.27             2.15             0.00
  392 AFM081zc5   D1S303            161.05           214.34           108.47
                              0.00             0.00             0.00
  393 UT666       D1S1153           161.05           214.34           108.47
                              0.00             0.00             0.00
  394 UT2150      D1S1179           161.05           214.34           108.47
                              0.00             0.00             0.00
* 395 GATA25B02   D1S1595           161.05           214.34           108.47
                              0.00             0.00             0.00
  396 UT455       D1S2222           161.05           214.34           108.47
                              0.00             0.00             0.00
  397 AFMa351wd1  D1S2714           161.05           214.34           108.47
                              0.00             0.00             0.00
  398 AFMb337zh1  D1S2777           161.05           214.34           108.47
                              0.00             0.00             0.00
  399 AFMb009zb9  D1S2721           161.05           214.34           108.47
                              1.52             3.36             0.00
  400 UT905       D1S394            162.57           217.70           108.47
                              0.00             0.00             0.00
  401 AFMa123wg5  D1S2624           162.57           217.70           108.47
                              0.77             0.04             0.44
  402 ATA20D07    D1S2125           163.34           217.74           108.91
                              0.00             0.00             0.71
  403 AFMa127wh9  D1S506            163.34           217.74           109.62
                              0.75             1.66             0.03
  404 GATA3B11    D1S1600           164.09           219.40           109.65
                              0.00             0.00             1.11
  405 GATA43A04   D1S1653           164.09           219.40           110.76
                              1.53             1.69             0.07
  406 AFMa133ye5  D1S2635           165.62           221.09           110.83
                              0.00             0.00             0.00
  407 UT1234      D1S398            165.62           221.09           110.83
                              0.00             0.00             0.00
  408 UT6608      D1S1187           165.62           221.09           110.83
                              0.00             0.00             0.00
  409 Mfd57       CRP               165.62           221.09           110.83
                              0.00             0.00             1.48
  410 SPTA1       Unknown           165.62           221.09           112.31
                              2.90             3.21             1.19
  411 AFMb334xb1  D1S2771           168.52           224.30           113.50
                              0.00             0.00             0.00
  412 AFMa339wh1  D1S2707           168.52           224.30           113.50
                              0.00             0.00             0.00
  413 NIB1152     D1S1167           168.52           224.30           113.50
                              0.00             0.00             0.00
  414 ATA73A08    Unknown           168.52           224.30           113.50
                              1.16             2.13             0.00
  415 AFM297wb9   D1S484            169.68           226.43           113.50
                              1.16             0.48             1.33
  416 AFMa323xd9  D1S2705           170.84           226.91           114.83
                              0.00             0.59             0.00
  417 GGAA5F09    D1S1679           170.84           227.50           114.83
                              0.00             0.00             0.00
  418 AFMa244wh5  D1S2675           170.84           227.50           114.83
                              0.00             0.00             0.00
  419 Mfd3        APOA2             170.84           227.50           114.83
                              2.09             1.61             1.91
  420 AFMb324zd5  D1S2768           172.93           229.11           116.74
                              2.10             1.61             3.42
  421 AFM344va9   D1S2844           175.03           230.72           120.16
                              0.59             0.00             1.31
  422 Mfd67       D1S104            175.62           230.72           121.47
                              0.00             0.00             0.00
  423 UT2089      D1S403            175.62           230.72           121.47
                              0.00             0.00             0.00
  424 UT1398      D1S400            175.62           230.72           121.47
                              0.00             0.00             0.00
  425 GGAA22G10   D1S1677           175.62           230.72           121.47
                              2.24             3.20             0.88
  426 AFM205xh2   D1S426            177.86           233.92           122.35
                              0.00             0.00             0.29
  427 AFMa129zf5  D1S2630           177.86           233.92           122.64
                              0.00             0.00             0.00
  428 AFMa125ze5  D1S2628           177.86           233.92           122.64
                              0.00             0.00             0.00
  429 UT591       D1S382            177.86           233.92           122.64
                              0.00             0.00             0.00
  430 AFMa057ze5  D1S2878           177.86           233.92           122.64
                              0.56             0.00             1.16
  431 AFMa239yd1  D1S2673           178.42           233.92           123.80
                              0.00             0.00             0.00
  432 ATA38A05    Unknown           178.42           233.92           123.80
                              0.00             0.00             0.49
  433 AFM057xf8   D1S194            178.42           233.92           124.29
                              0.68             0.00             0.68
  434 AFMa247xd1  D1S2681           179.10           233.92           124.97
                              0.00             0.00             0.00
  435 UT1230      D1S1158           179.10           233.92           124.97
                              0.00             0.00             0.00
  436 AFMb316zb9  D1S2762           179.10           233.92           124.97
                              2.39             2.87             2.33
  437 AFM063xg9   D1S196            181.49           236.79           127.30
                              0.86             1.44             0.00
  438 AFMb292xb1  D1S2750           182.35           238.23           127.30
                              0.00             0.00             0.00
  439 Mfd147      D1S318            182.35           238.23           127.30
                              0.00             0.00             0.00
  440 AFM238xf10  D1S445            182.35           238.23           127.30
                              0.00             0.00             0.00
  441 UT1089      D1S397            182.35           238.23           127.30
                              0.00             0.00             0.00
  442 AFM212xf6   D1S431            182.35           238.23           127.30
                              0.84             0.24             1.07
  443 AFMb359xf5  D1S2799           183.19           238.47           128.37
                              1.02             0.42             1.34
  444 AFM217xe11  D1S433            184.21           238.89           129.71
                              1.09             1.13             1.63
  445 AFMa197wg1  D1S2658           185.30           240.02           131.34
                              1.66             0.00             2.44
  446 ATA9A02     Unknown           186.96           240.02           133.78
                              1.36             3.59             0.00
  447 UT6271      D1S1165           188.32           243.61           133.78
                              0.00             0.00             0.00
  448 ATA14D03    D1S1619           188.32           243.61           133.78
                              0.00             0.00             0.00
  449 AFM350yh1   D1S2851           188.32           243.61           133.78
                              0.53             1.07             0.00
  450 AFMc018yd9  D1S2815           188.85           244.68           133.78
                              0.00             0.00             0.00
  451 AFM248wg5   D1S452            188.85           244.68           133.78
                              0.00             0.00             0.00
  452 AFM122xa3   D1S210            188.85           244.68           133.78
                              2.13             1.07             3.21
  453 AFMb352xe9  D1S2790           190.98           245.75           136.99
                              0.54             0.00             1.07
  454 AFM157xe7   D1S218            191.52           245.75           138.06
                              0.00             0.00             0.00
  455 AFM212xb10  D1S242            191.52           245.75           138.06
                              0.53             0.00             1.06
  456 AFMb328yg5  D1S2769           192.05           245.75           139.12
                              0.00             0.00             0.00
  457 AFM290yf9   D1S480            192.05           245.75           139.12
                              0.00             0.00             0.00
  458 AFM185xd6   D1S416            192.05           245.75           139.12
                              0.00             0.00             0.00
  459 AFMa285zd5  D1S2691           192.05           245.75           139.12
                              0.00             0.00             0.00
  460 AFM115ye3   D1S2887           192.05           245.75           139.12
                              0.00             0.00             0.00
  461 AFM278ye5   D1S2814           192.05           245.75           139.12
                              0.00             0.00             0.00
  462 AFMa203yb9  D1S2659           192.05           245.75           139.12
                              0.00             0.00             0.00
  463 AFMa152zf5  D1S2643           192.05           245.75           139.12
                              0.00             0.00             0.00
  464 ATA4E02     D1S1589           192.05           245.75           139.12
                              0.00             0.00             0.00
  465 UT417       D1S370            192.05           245.75           139.12
                              0.00             0.00             0.00
  466 GATA12F01   Unknown           192.05           245.75           139.12
                              0.85             2.41             0.00
  467 AFMb352yb9  D1S2791           192.90           248.16           139.12
                              0.86             0.00             1.07
  468 AFM142xc9   D1S212            193.76           248.16           140.19
                              0.00             0.00             0.00
  469 AFMb350xa5  D1S2786           193.76           248.16           140.19
                              0.56             1.21             0.00
  470 AFM123yc5   D1S460            194.32           249.37           140.19
                              0.57             0.00             1.07
  471 AFMa143wd5  D1S2640           194.89           249.37           141.26
                              0.00             0.00             0.00
  472 AFM150xh4   D1S215            194.89           249.37           141.26
                              0.00             0.00             0.00
  473 AFMb292zb9  D1S2751           194.89           249.37           141.26
                              0.00             0.00             0.00
  474 AFMa061xc5  D1S2883           194.89           249.37           141.26
                              3.41             3.63             3.20
  475 AFMa116yc5  D1S2623           198.30           253.00           144.46
                              0.00             0.00             0.00
  476 AFMa114wg1  D1S2619           198.30           253.00           144.46
                              0.00             0.00             0.00
* 477 AFMc025xh9  D1S2818           198.30           253.00           144.46
                              0.00             0.00             0.00
  478 AFM275xe1   D1S466            198.30           253.00           144.46
                              1.00             0.00             1.61
  479 AFMa302yg5  D1S2701           199.30           253.00           146.07
                              0.00             0.00             0.00
  480 LAMB2       Unknown           199.30           253.00           146.07
                              1.00             0.00             1.60
  481 GATA12F10   D1S2127           200.30           253.00           147.67
                              0.00             0.00             0.00
  482 AFM207vh8   D1S240            200.30           253.00           147.67
                              0.66             1.87             0.00
  483 GATA84H01   D1S2138           200.96           254.87           147.67
                              0.00             0.00             0.00
  484 AFM078xh3   D1S444            200.96           254.87           147.67
                              0.00             0.00             0.00
  485 AFM046xh10  D1S191            200.96           254.87           147.67
                              0.00             0.00             0.00
  486 UT7705      D1S1194           200.96           254.87           147.67
                              0.00             0.00             0.00
  487 AFM260xf1   D1S254            200.96           254.87           147.67
                              0.00             0.00             0.00
  488 AFM348tg1   D1S2848           200.96           254.87           147.67
                              0.62             0.00             1.07
  489 AFM164yg1   D1S222            201.58           254.87           148.74
                              0.00             0.00             0.00
  490 GATA23B04   D1S1642           201.58           254.87           148.74
                              0.00             0.00             0.00
  491 AFM095ta5   D1S202            201.58           254.87           148.74
                              0.00             0.00             0.00
  492 AFMa348yd5  D1S2711           201.58           254.87           148.74
                              0.00             0.00             0.00
  493 ATA23E12    Unknown           201.58           254.87           148.74
                              0.61             1.54             0.00
* 494 GATA151B12  Unknown           202.19           256.41           148.74
                              0.00             0.00             0.00
  495 GATA7C01    D1S518            202.19           256.41           148.74
                              0.54             1.07             0.00
  496 AFM205xg1   D1S238            202.73           257.48           148.74
                              1.78             1.60             2.13
  497 GATA51H01   D1S3470           204.51           259.08           150.87
                              0.00             0.00             0.00
  498 AFM123yc7   D1S461            204.51           259.08           150.87
                              0.00             0.00             0.00
  499 AFM206xd6   D1S428            204.51           259.08           150.87
                              0.89             1.60             0.00
  500 UT7117      D1S1189           205.40           260.68           150.87
                              0.00             0.00             0.00
  501 GATA193H05  Unknown           205.40           260.68           150.87
                              0.00             0.00             0.00
  502 UT593       D1S384            205.40           260.68           150.87
                              0.00             0.00             0.00
  503 AFM200ve3   D1S422            205.40           260.68           150.87
                              0.00             0.00             0.00
  504 AFM310xh9   D1S492            205.40           260.68           150.87
                              0.00             0.00             0.00
  505 AFM290va9   D1S2823           205.40           260.68           150.87
                              0.00             0.00             0.23
  506 AFMa057vb5  D1S2877           205.40           260.68           151.10
                              0.00             0.00             0.09
  507 GATA31D05   Unknown           205.40           260.68           151.19
                              0.75             0.00             0.75
  508 AFMa124zd9  D1S2625           206.15           260.68           151.94
                              3.00             4.27             2.14
  509 GATA10C02   D1S533            209.15           264.95           154.08
                              0.00             0.00             0.00
  510 UT5773      D1S1183           209.15           264.95           154.08
                              0.00             0.00             0.00
  511 GGAA8F12    D1S1614           209.15           264.95           154.08
                              0.00             0.00             0.00
  512 AFMb309xe1  D1S2757           209.15           264.95           154.08
                              0.00             0.00             0.00
  513 AFM031xd12  D1S412            209.15           264.95           154.08
                              0.00             0.00             0.00
  514 UT2402      D1S408            209.15           264.95           154.08
                              0.41             0.19             0.00
  515 AFMb354ze1  D1S2794           209.56           265.14           154.08
                              0.91             2.60             0.00
  516 GATA135F02  Unknown           210.47           267.74           154.08
                              0.66             0.00             1.07
  517 AFMc023we9  D1S2816           211.13           267.74           155.15
                              1.31             2.78             0.00
  518 AFM165xc9   D1S413            212.44           270.52           155.15
                              0.00             0.00             0.00
  519 AFM330wf5   D1S2840           212.44           270.52           155.15
                              0.00             0.00             0.00
  520 GATA48B01   D1S1660           212.44           270.52           155.15
                              0.00             0.00             0.00
  521 AFMb277yf5  D1S2745           212.44           270.52           155.15
                              1.64             2.22             1.06
  522 AFMc025xh5  D1S2817           214.08           272.74           156.21
                              0.00             0.00             0.00
  523 UT1591      D1S1175           214.08           272.74           156.21
                              0.00             0.00             0.00
  524 UT492       D1S373            214.08           272.74           156.21
                              0.00             0.00             0.00
  525 AFM337xd5   D1S1726           214.08           272.74           156.21
                              0.00             0.00             0.00
  526 UT5429      D1S1181           214.08           272.74           156.21
                              0.00             0.00             0.00
  527 AFM353td5   D1S2853           214.08           272.74           156.21
                              0.00             0.00             0.00
  528 ATA4D06     D1S1632           214.08           272.74           156.21
                              0.00             0.00             0.00
  529 GATA181C01  Unknown           214.08           272.74           156.21
                              0.00             0.00             0.00
  530 AFMa116wg1  D1S2622           214.08           272.74           156.21
                              0.55             1.11             0.00
  531 AFMb002ya5  D1S2716           214.63           273.85           156.21
                              0.54             1.11             0.00
  532 AFM136xa7   D1S1723           215.17           274.96           156.21
                              0.00             0.00             0.00
  533 AFMa109zh9  D1S2615           215.17           274.96           156.21
                              0.00             0.00             0.00
  534 AFM289ye9   D1S477            215.17           274.96           156.21
                              0.00             0.00             0.00
  535 AFM238xd10  D1S306            215.17           274.96           156.21
                              0.00             0.00             0.00
  536 AFMb055zh5  D1S2738           215.17           274.96           156.21
                              0.82             1.11             0.27
  537 UT995       D1S1171           215.99           276.07           156.48
                              0.00             0.00             0.12
  538 GATA25A11   D1S1647           215.99           276.07           156.60
                              0.00             0.00             0.21
  539 AFMb317xc9  D1S2764           215.99           276.07           156.81
                              0.47             0.08             0.27
  540 AFMa275zc5  D1S2686           216.46           276.15           157.08
                              0.36             0.08             0.20
  541 AFMb314wf9  D1S2760           216.82           276.23           157.28
                              0.00             0.95             0.00
  542 AFMa044zh1  D1S1727           216.82           277.18           157.28
                              0.00             0.00             0.00
  543 AFM291vf1   D1S1724           216.82           277.18           157.28
                              0.00             0.00             0.00
  544 AFMa190xd5  D1S2655           216.82           277.18           157.28
                              0.00             0.00             0.00
  545 ATA110D04   Unknown           216.82           277.18           157.28
                              0.00             0.00             0.00
  546 AFMa272xd9  D1S2683           216.82           277.18           157.28
                              1.64             2.22             1.07
  547 AFMb002zg5  D1S2717           218.46           279.40           158.35
                              0.00             0.00             0.00
  548 AFMa224xc1  D1S2668           218.46           279.40           158.35
                              0.00             0.00             0.00
  549 AFMa132yc9  D1S510            218.46           279.40           158.35
                              0.00             0.00             0.28
  550 AFMa123yf1  D1S504            218.46           279.40           158.63
                              0.00             0.00             0.26
  551 GGAA23C07   D1S1678           218.46           279.40           158.89
                              1.46             2.23             0.19
  552 AFMb334zb1  D1S2773           219.92           281.63           159.08
                              0.00             0.00             0.24
  553 AFM312yb5   D1S1725           219.92           281.63           159.32
                              0.73             1.12             0.10
  554 AFM234wf6   D1S249            220.65           282.75           159.42
                              0.00             0.00             0.00
  555 AFMa052zd5  D1S2872           220.65           282.75           159.42
                              0.00             0.00             0.00
  556 AFM024xf8   D1S456            220.65           282.75           159.42
                              2.19             0.64             3.21
  557 AFMa133zd5  D1S2636           222.84           283.39           162.63
                              0.00             0.47             0.00
  558 AFMa290xd1  D1S2692           222.84           283.86           162.63
                              0.00             0.00             0.00
  559 AFMb046yc9  D1S2735           222.84           283.86           162.63
                              0.00             0.00             0.00
  560 AFMb347ya5  D1S2782           222.84           283.86           162.63
                              0.00             0.00             0.00
  561 AFMb334ya9  D1S2772           222.84           283.86           162.63
                              0.00             0.00             0.00
  562 AFMa274wa5  D1S2685           222.84           283.86           162.63
                              0.00             0.00             0.00
  563 AFMb032yf1  D1S2727           222.84           283.86           162.63
                              0.00             0.00             0.00
  564 AFM059yh4   D1S2796           222.84           283.86           162.63
                              1.66             3.74             0.00
  565 AFMa082wf9  D1S2891           224.50           287.60           162.63
                              1.66             1.86             1.07
* 566 GATA50F12   D1S1663           226.16           289.46           163.70
                              1.65             1.11             2.15
  567 AFM281yg1   D1S471            227.81           290.57           165.85
                              0.00             0.00             0.00
  568 AFM224xc1   D1S245            227.81           290.57           165.85
                              0.00             0.00             0.00
  569 AFM310vb1   D1S491            227.81           290.57           165.85
                              1.32             0.00             2.14
  570 AFM108ya3   D1S205            229.13           290.57           167.99
                              1.98             2.22             2.14
  571 AFM179xg5   D1S414            231.11           292.79           170.13
                              0.00             0.00             0.00
  572 AFMc011yd5  D1S2810           231.11           292.79           170.13
                              0.00             0.00             0.00
  573 AFM156xg7   D1S217            231.11           292.79           170.13
                              0.00             0.00             0.00
  574 AFM278xe5   D1S2812           231.11           292.79           170.13
                              0.00             0.00             0.00
  575 AFMb342yg1  D1S2780           231.11           292.79           170.13
                              0.00             0.00             0.00
  576 AFM203zb6   D1S425            231.11           292.79           170.13
                              0.39             0.85             0.00
  577 GATA63B11   D1S1667           231.50           293.64           170.13
                              0.17             0.31             0.00
  578 AFMa127wb5  D1S505            231.67           293.95           170.13
                              0.00             0.00             0.00
  579 AFMa303wh5  D1S2703           231.67           293.95           170.13
                              1.14             0.00             2.13
  580 AFM205xd8   D1S237            232.81           293.95           172.26
                              0.00             0.00             0.00
  581 AFM199wh2   D1S419            232.81           293.95           172.26
                              0.57             0.00             1.07
  582 GATA87F04   D1S2141           233.38           293.95           173.33
                              0.00             0.00             0.00
  583 AFM088yb3   D1S2857           233.38           293.95           173.33
                              0.57             1.15             0.00
  584 AFMa125zg5  D1S2629           233.95           295.10           173.33
                              0.00             0.00             0.00
  585 AFMa157tg5  D1S2646           233.95           295.10           173.33
                              0.00             0.00             0.00
  586 AFM286yc1   D1S474            233.95           295.10           173.33
                              0.57             1.18             0.00
  587 AFM297xc1   D1S2827           234.52           296.28           173.33
                              3.21             6.58             0.00
  588 AFM196xh4   D1S229            237.73           302.86           173.33
                              0.00             0.00             0.00
  589 AFM309yd1   D1S490            237.73           302.86           173.33
                              0.79             1.60             0.00
  590 AFMa115yc9  D1S2621           238.52           304.46           173.33
                              0.00             0.00             0.00
  591 AFM184yf6   D1S227            238.52           304.46           173.33
                              0.00             0.00             0.00
  592 AFMa151yh5  D1S2641           238.52           304.46           173.33
                              0.00             0.00             0.00
  593 AFMa043zg1  D1S2860           238.52           304.46           173.33
                              0.57             1.16             0.00
  594 AFMa112ya5  D1S2616           239.09           305.62           173.33
                              0.57             1.16             0.00
  595 GATA4H09    D1S549            239.66           306.78           173.33
                              0.00             0.00             0.00
  596 UT5111      D1S395            239.66           306.78           173.33
                              0.00             0.00             0.00
  597 AFMa058xg9  D1S2880           239.66           306.78           173.33
                              0.00             0.00             0.00
  598 UT1243      D1S399            239.66           306.78           173.33
                              0.53             1.06             0.00
  599 UT6125      D1S1185           240.19           307.84           173.33
                              0.00             0.00             0.00
  600 ATA24C08    D1S1626           240.19           307.84           173.33
                              0.00             0.00             0.00
  601 AFMa282ze9  D1S2689           240.19           307.84           173.33
                              0.00             0.00             0.00
  602 AFMb312zh5  D1S2758           240.19           307.84           173.33
                              0.00             0.00             0.00
  603 AFMa084yb5  D1S2894           240.19           307.84           173.33
                              1.07             2.13             0.00
  604 Mfd255      D1S320            241.26           309.97           173.33
                              0.00             0.00             0.00
  605 AFMa052zd1  D1S2871           241.26           309.97           173.33
                              0.54             1.10             0.00
  606 GATA194H05  Unknown           241.80           311.07           173.33
                              0.00             0.00             0.00
  607 AFMa043tg1  D1S2859           241.80           311.07           173.33
                              0.54             1.09             0.00
  608 GATA23F09   D1S1644           242.34           312.16           173.33
                              0.00             0.00             0.00
  609 UT5978      D1S1186           242.34           312.16           173.33
                              0.00             0.00             0.00
  610 AFM147xf8   D1S213            242.34           312.16           173.33
                              0.00             0.00             0.00
  611 UT860       D1S389            242.34           312.16           173.33
                              0.00             0.00             0.00
  612 AFM280za5   D1S469            242.34           312.16           173.33
                              0.00             0.00             0.00
  613 AFM225xe11  D1S439            242.34           312.16           173.33
                              0.00             0.00             0.00
  614 AFM290wd1   D1S479            242.34           312.16           173.33
                              0.00             0.00             0.00
  615 AFMb317wf1  D1S2763           242.34           312.16           173.33
                              0.00             0.00             0.00
  616 AFMa204zh1  D1S2662           242.34           312.16           173.33
                              0.00             0.00             0.00
  617 AFM284zd1   D1S2821           242.34           312.16           173.33
                              1.36             2.74             0.00
  618 ATA10D06    D1S1617           243.70           314.90           173.33
                              0.00             0.00             0.00
  619 AFMa130vd9  D1S2631           243.70           314.90           173.33
                              0.00             0.00             0.00
  620 AFM347tf5   D1S2847           243.70           314.90           173.33
                              1.35             2.73             0.00
  621 GATA64F05   D1S1668           245.05           317.63           173.33
                              0.00             0.00             0.00
  622 AFMc005wc1  D1S2805           245.05           317.63           173.33
                              0.00             0.00             0.00
  623 AFM220xe1   D1S437            245.05           317.63           173.33
                              0.00             0.00             0.00
  624 Mfd64       D1S103            245.05           317.63           173.33
                              0.00             0.00             0.00
  625 AFM321xe5   D1S2833           245.05           317.63           173.33
                              0.00             0.00             0.00
  626 GATA65A05   D1S1670           245.05           317.63           173.33
                              0.00             0.00             0.00
* 627 GATA44E05   D1S1656           245.05           317.63           173.33
                              0.00             0.00             0.00
  628 AFM184xa9   D1S225            245.05           317.63           173.33
                              0.00             0.00             0.00
  629 AFM248ya5   D1S251            245.05           317.63           173.33
                              2.18             1.05             2.13
  630 ATA29C07    D1S3462           247.23           318.68           175.46
                              0.00             1.16             0.00
  631 AFM119yh10  D1S459            247.23           319.84           175.46
                              0.00             0.00             0.00
  632 AFMa342ye5  D1S2709           247.23           319.84           175.46
                              4.89             9.98             0.00
  633 AFMa349xc5  D1S2712           252.12           329.82           175.46
                              0.00             0.00             0.00
  634 AFMb360zg1  D1S2800           252.12           329.82           175.46
                              0.00             0.00             0.00
  635 Mfd174      D1S179            252.12           329.82           175.46
                              0.00             0.00             0.02
  636 AFM238ya7   D1S446            252.12           329.82           175.48
                              0.00             0.00             0.10
  637 UT1317      D1S1540           252.12           329.82           175.58
                              2.52             3.91             0.95
  638 AFMa176xf1  D1S2649           254.64           333.73           176.53
                              0.00             0.00             0.00
  639 D1S74       D1S74             254.64           333.73           176.53
                              0.00             0.00             0.00
  640 AFM203yg9   D1S235            254.64           333.73           176.53
                              1.62             2.90             0.00
  641 AFM088xe5   D1S2850           256.26           336.63           176.53
                              0.00             0.00             0.00
  642 UT7711      D1S2216           256.26           336.63           176.53
                              0.00             0.00             0.00
* 643 AFMa247wg9  D1S2680           256.26           336.63           176.53
                              0.00             0.00             0.00
  644 AFMa245wd5  D1S2678           256.26           336.63           176.53
                              6.70             9.50             4.29
  645 UT5170      D1S517            262.96           346.13           180.82
                              0.00             0.00             0.00
  646 AFMa230wh1  D1S2670           262.96           346.13           180.82
                              0.00             0.00             0.00
  647 UT418       D1S1149           262.96           346.13           180.82
                              2.53             3.10             2.14
  648 GATA22D12   D1S1594           265.49           349.23           182.96
                              0.78             1.38             0.00
  649 AFMb349xb9  D1S2785           266.27           350.61           182.96
                              1.24             1.35             0.49
  650 AFM102xe3   D1S204            267.51           351.96           183.45
                              0.00             0.00             0.59
  651 Mfd211      D1S184            267.51           351.96           184.04
                              0.00             0.00             0.00
  652 AFM116xf8   D1S304            267.51           351.96           184.04
                              0.00             0.00             0.00
  653 AFM218zb6   D1S321            267.51           351.96           184.04
                              0.00             0.00             0.00
  654 GATA4A09    D1S547            267.51           351.96           184.04
                              0.00             0.00             0.00
  655 Mfd126      D1S180            267.51           351.96           184.04
                              3.97             3.21             4.26
  656 ATA7G08     Unknown           271.48           355.17           188.30
                              0.79             0.00             2.12
  657 GGAA27E08   Unknown           272.27           355.17           190.42
                              1.19             1.07             1.27
  658 UT1917      D1S404            273.46           356.24           191.69
                              0.00             0.00             0.00
  659 AFM337zf5   D1S2842           273.46           356.24           191.69
                              1.07             0.00             2.16
* 660 GATA50F11   D1S1609           274.53           356.24           193.85
                              0.00             0.00             0.00
  661 AFMc013wc9  D1S2811           274.53           356.24           193.85
                              0.00             0.00             0.00
  662 AFMa290yf1  D1S2693           274.53           356.24           193.85
                              0.00             0.00             0.00
  663 AFM183xd8   D1S2679           274.53           356.24           193.85
                              0.00             0.00             0.00
  664 ATA5E03     D1S1590           274.53           356.24           193.85
                              1.15             0.00             4.14
  665 Mfd52       D1S102            275.68           356.24           197.99
                              2.12             1.91             0.00
  666 AFM042xe3   D1S423            277.80           358.15           197.99
                              7.94             5.76             1.63
  667 UT2273      D1S2215           285.74           363.91           199.62
                              0.01             0.00             8.88
  668 AFM323zh1   D1S2836           285.75           363.91           208.50
                              2.54             1.08             4.52
  669 AFMa272xc9  D1S2682           288.29           364.99           213.02
                              1.37             0.15             2.69
  670 1QTEL19     D1S3739           289.66           365.14           215.71
