      Marker      Dnumber      sex-ave(cM)      female(cM)        male(cM)

    1 AFMa060yc1  D13S1316            0.00             0.00             0.00
                              2.77             3.72             0.00
    2 AFMa128yc1  D13S1236            2.77             3.72             0.00
                              3.26             0.52             3.66
    3 AFM249xb1   D13S175             6.03             4.24             3.66
                              0.00             1.40             0.00
    4 UT1250      D13S250             6.03             5.64             3.66
                              0.00             1.42             0.00
    5 UT7708      D13S633             6.03             7.06             3.66
                              0.96             0.01             1.09
    6 AFMb332yf5  D13S1275            6.99             7.07             4.75
                              0.00             1.41             0.00
    7 Mfd299      D13S232             6.99             8.48             4.75
                              1.88             0.00             2.78
    8 AFM351xd9   D13S292             8.87             8.48             7.53
                              0.00             0.00             0.00
    9 GATA23C03   D13S787             8.87             8.48             7.53
                              0.92             0.00             1.98
   10 AFMa217yb5  D13S1243            9.79             8.48             9.51
                              0.92             1.60             0.00
   11 UT875       D13S742            10.71            10.08             9.51
                              0.74             0.00             1.39
   12 AFM296vb9   D13S283            11.45            10.08            10.90
                              1.46             1.61             1.40
   13 AFM248wc1   D13S221            12.91            11.69            12.30
                              0.00             0.00             0.00
   14 AFMc021xe1  D13S1285           12.91            11.69            12.30
                              0.00             0.00             0.00
   15 AFM323vh5   D13S1294           12.91            11.69            12.30
                              0.54             0.00             1.07
   16 AFMa043th5  D13S1304           13.45            11.69            13.37
                              1.07             0.00             2.14
   17 AFM316tc9   D13S1292           14.52            11.69            15.51
                              0.00             0.00             0.00
   18 AFMb008wf1  D13S1254           14.52            11.69            15.51
                              0.67             1.43             0.00
   19 AFMa230yb5  D13S1244           15.19            13.12            15.51
                              0.00             0.74             0.00
   20 UT558       D13S243            15.19            13.86            15.51
                              1.01             0.72             0.44
   21 UT1352      D13S252            16.20            14.58            15.95
                              0.00             0.00             0.12
   22 UT1587      D13S625            16.20            14.58            16.07
                              1.01             1.44             0.32
   23 AFM205xh12  D13S217            17.21            16.02            16.39
                              0.00             0.00             0.20
   24 AFMa286wf1  D13S1250           17.21            16.02            16.59
                              0.00             0.00             0.00
   25 AFMa210wc9  D13S1242           17.21            16.02            16.59
                              2.15             1.65             1.07
   26 UT6870      D13S629            19.36            17.67            17.66
                              0.00             1.63             0.00
   27 AFM343xb5   D13S1299           19.36            19.30            17.66
                              1.08             2.17             0.00
   28 ATA5A09     Unknown            20.44            21.47            17.66
                              0.00             0.00             0.00
   29 AFMa238zd9  D13S1246           20.44            21.47            17.66
                              1.07             2.15             0.00
   30 AFMc022xc9  D13S1287           21.51            23.62            17.66
                              0.00             0.00             0.00
   31 AFMa113xc9  D13S1229           21.51            23.62            17.66
                              0.00             0.00             0.00
   32 AFM323vh1   D13S290            21.51            23.62            17.66
                              0.00             0.00             0.00
   33 AFMa142zb5  D13S1238           21.51            23.62            17.66
                              0.00             0.00             0.00
   34 AFM321xb1   D13S289            21.51            23.62            17.66
                              2.14             1.07             3.21
   35 AFMa109xh1  D13S1226           23.65            24.69            20.87
                              0.00             0.00             0.00
   36 AFM177xf4   D13S260            23.65            24.69            20.87
                              1.43             2.15             1.07
   37 AFM255ze9   D13S171            25.08            26.84            21.94
                              0.72             0.00             1.08
   38 GGAA29H03   D13S1493           25.80            26.84            23.02
                              1.07             1.07             0.98
   39 AFM234ve3   D13S267            26.87            27.91            24.00
                              0.00             0.00             0.09
   40 UT5236      D13S624            26.87            27.91            24.09
                              0.00             0.00             0.00
   41 AFM317tc5   D13S1293           26.87            27.91            24.09
                              0.00             0.00             0.00
   42 Mfd341      D13S620            26.87            27.91            24.09
                              1.17             0.00             2.75
   43 AFM234yb8   D13S220            28.04            27.91            26.84
                              0.00             0.00             0.00
   44 UT5177      D13S305            28.04            27.91            26.84
                              0.83             0.00             0.78
   45 AFM225xe5   D13S219            28.87            27.91            27.62
                              4.03             3.23             5.39
   46 AFM210zb2   D13S218            32.90            31.14            33.01
                              0.00             0.00             0.00
*  47 GATA125C04  Unknown            32.90            31.14            33.01
                              0.83             0.00             2.26
   48 AFMc031we9  D13S1288           33.73            31.14            35.27
                              0.82             1.07             0.00
   49 AFMa337wb5  D13S1253           34.55            32.21            35.27
                              0.68             1.38             0.00
   50 AFMa246yg9  D13S1248           35.23            33.59            35.27
                              2.27             3.77             0.52
   51 AFM144xg3   D13S1233           37.50            37.36            35.79
                              0.82             1.37             0.61
   52 AFM210yg11  D13S263            38.32            38.73            36.40
                              0.64             0.00             1.12
   53 AFMb328xb1  D13S1270           38.96            38.73            37.52
                              0.00             0.00             0.00
   54 AFMa240we1  D13S1247           38.96            38.73            37.52
                              0.00             0.00             0.00
   55 GATA6B07    D13S325            38.96            38.73            37.52
                              0.00             0.00             0.00
   56 AFM326vh5   D13S1297           38.96            38.73            37.52
                              0.00             0.00             0.00
   57 AFMb336zh5  D13S1276           38.96            38.73            37.52
                              0.69             1.61             0.00
   58 AFMa110xc5  D13S1227           39.65            40.34            37.52
                              2.06             0.82             2.25
   59 AFMb330xh1  D13S1272           41.71            41.16            39.77
                              0.00             0.80             0.00
   60 AFM330ya5   D13S291            41.71            41.96            39.77
                              1.09             1.07             1.13
   61 AFMa055wc5  D13S1312           42.80            43.03            40.90
                              0.00             0.00             0.00
   62 GATA53A06   D13S887            42.80            43.03            40.90
                              0.00             0.55             0.00
   63 GGAT3D08    D13S326            42.80            43.58            40.90
                              1.10             0.53             1.12
   64 AFM098xd3   D13S328            43.90            44.11            42.02
                              0.00             0.00             0.00
   65 UT5230      D13S623            43.90            44.11            42.02
                              0.00             0.00             0.00
   66 UT559       D13S244            43.90            44.11            42.02
                              1.10             0.00             2.22
   67 AFM317wa9   D13S287            45.00            44.11            44.24
                              0.00             0.00             0.03
   68 AFM210wa5   D13S168            45.00            44.11            44.27
                              0.55             1.07             0.00
   69 AFM058xd6   D13S153            45.55            45.18            44.27
                              0.00             0.00             0.00
   70 AFM303zg5   D13S284            45.55            45.18            44.27
                              0.00             0.00             0.00
   71 AFMa298ze5  D13S1251           45.55            45.18            44.27
                              0.00             0.00             0.00
   72 AFMa111xh9  D13S1228           45.55            45.18            44.27
                              0.00             0.00             0.00
   73 AFMa090wb9  D13S1325           45.55            45.18            44.27
                              0.00             0.00             0.00
   74 AFMa045yb9  D13S1305           45.55            45.18            44.27
                              0.00             0.00             0.00
   75 AFM203xa1   D13S165            45.55            45.18            44.27
                              0.00             0.00             0.00
   76 AFM198yd4   D13S164            45.55            45.18            44.27
                              0.00             0.00             0.00
   77 AFM184xf12  D13S161            45.55            45.18            44.27
                              0.00             0.00             0.00
   78 AFM210xc11  D13S169            45.55            45.18            44.27
                              0.00             0.00             0.00
   79 AFM120xa3   D13S272            45.55            45.18            44.27
                              0.00             0.00             0.00
   80 AFM126za5   D13S273            45.55            45.18            44.27
                              0.00             0.00             0.00
   81 GATA29A09   D13S788            45.55            45.18            44.27
                              0.00             0.00             0.00
   82 GATA137C12  Unknown            45.55            45.18            44.27
                              0.00             0.00             0.00
   83 AFM205vh2   D13S262            45.55            45.18            44.27
                              0.00             0.00             0.00
   84 AFMb325wf5  D13S1269           45.55            45.18            44.27
                              0.00             0.00             0.00
   85 AFMa232zg1  D13S1245           45.55            45.18            44.27
                              0.00             0.00             0.00
*  86 GATA148B01  Unknown            45.55            45.18            44.27
                              0.00             0.00             0.00
   87 AFM084xc5   D13S270            45.55            45.18            44.27
                              0.00             0.00             0.00
*  88 ATA15C02    Unknown            45.55            45.18            44.27
                              0.00             0.00             0.00
   89 AFM070xb7   D13S155            45.55            45.18            44.27
                              0.00             0.00             0.00
   90 AFMa052ve5  D13S1307           45.55            45.18            44.27
                              0.00             0.00             0.00
   91 AFMa130wf5  D13S1237           45.55            45.18            44.27
                              0.00             0.00             0.00
   92 AFM238vc3   D13S268            45.55            45.18            44.27
                              1.64             1.08             2.25
   93 AFM350tb9   D13S1301           47.19            46.26            46.52
                              0.00             0.00             0.00
   94 GATA11C08   Unknown            47.19            46.26            46.52
                              0.00             0.00             0.00
   95 GGAA29G02   Unknown            47.19            46.26            46.52
                              0.00             0.00             0.00
   96 GATA178G03  Unknown            47.19            46.26            46.52
                              0.00             0.00             0.00
   97 AFMa065zd1  D13S1319           47.19            46.26            46.52
                              0.00             0.00             0.00
   98 GGAT2A09    D13S768            47.19            46.26            46.52
                              0.00             0.00             0.00
   99 Mfd262      D13S233            47.19            46.26            46.52
                              0.00             0.00             0.00
  100 GATA63C09   D13S799            47.19            46.26            46.52
                              0.00             0.00             0.00
  101 AFMb331xc5  D13S1273           47.19            46.26            46.52
                              0.00             0.00             0.00
  102 AFMa041th1  D13S1303           47.19            46.26            46.52
                              0.00             0.00             0.00
  103 GTAT1B10    Unknown            47.19            46.26            46.52
                              0.00             0.00             0.00
  104 AFMa102xh9  D13S1327           47.19            46.26            46.52
                              0.00             0.13             0.00
  105 AFMb303xa5  D13S1261           47.19            46.39            46.52
                              0.00             0.21             0.00
  106 AFM190ya3   D13S163            47.19            46.60            46.52
                              1.09             0.73             1.12
  107 AFM263yd1   D13S176            48.28            47.33            47.64
                              1.10             2.15             0.00
  108 AFMa067zg5  D13S1320           49.38            49.48            47.64
                              0.00             0.00             0.00
  109 GATA73A05   D13S889            49.38            49.48            47.64
                              0.00             0.00             0.00
  110 AFMb294yb5  D13S1259           49.38            49.48            47.64
                              0.00             0.00             0.00
  111 AFM259zg1   D13S172            49.38            49.48            47.64
                              0.00             0.00             0.00
  112 AFMa055wd5  D13S1313           49.38            49.48            47.64
                              0.00             0.00             0.00
  113 GATA66D03   D13S801            49.38            49.48            47.64
                              0.54             1.07             0.00
  114 AFMb295xa9  D13S1260           49.92            50.55            47.64
                              0.00             0.00             0.00
  115 AFMc031zf1  D13S1289           49.92            50.55            47.64
                              0.55             1.07             0.00
  116 AFMa053wg1  D13S1309           50.47            51.62            47.64
                              0.55             1.08             0.00
  117 GATA140A02  Unknown            51.02            52.70            47.64
                              0.00             0.00             0.00
  118 AFMb322zh1  D13S1268           51.02            52.70            47.64
                              0.00             0.00             0.00
  119 AFMa060zh9  D13S1317           51.02            52.70            47.64
                              0.00             0.00             0.00
  120 AFMb303zf9  D13S1262           51.02            52.70            47.64
                              0.55             1.07             0.00
  121 AFM269yb1   D13S276            51.57            53.77            47.64
                              0.00             0.00             0.00
  122 AFM318xa9   D13S288            51.57            53.77            47.64
                              0.00             0.00             0.00
  123 AFMa116wd9  D13S1231           51.57            53.77            47.64
                              0.00             0.00             0.00
  124 UT7875      D13S634            51.57            53.77            47.64
                              0.00             0.00             0.00
* 125 ATA22E11    D13S777            51.57            53.77            47.64
                              0.53             1.08             0.00
  126 AFM263zb5   D13S275            52.10            54.85            47.64
                              0.54             1.07             0.00
  127 AFMa052wd1  D13S1308           52.64            55.92            47.64
                              0.00             0.00             0.00
  128 AFMa054xb9  D13S1310           52.64            55.92            47.64
                              0.00             0.00             0.00
  129 AFM326vc9   D13S1296           52.64            55.92            47.64
                              0.53             1.08             0.00
  130 AFM304zb9   D13S1291           53.17            57.00            47.64
                              0.00             0.00             0.00
  131 AFMa037we5  D13S1302           53.17            57.00            47.64
                              0.00             0.00             0.00
  132 D13S144     D13S144            53.17            57.00            47.64
                              0.00             0.00             0.00
  133 AFMa086xa9  D13S1324           53.17            57.00            47.64
                              0.00             0.00             0.00
  134 AFM284za9   D13S279            53.17            57.00            47.64
                              0.00             0.00             0.00
  135 AFMa061xc1  D13S1318           53.17            57.00            47.64
                              2.14             4.29             0.00
  136 GATA64F08   D13S800            55.31            61.29            47.64
                              0.00             0.00             0.00
  137 AFM211ye7   D13S1257           55.31            61.29            47.64
                              0.00             0.00             0.00
  138 UT2413      D13S258            55.31            61.29            47.64
                              0.00             0.00             0.00
  139 AFMa282ze1  D13S1249           55.31            61.29            47.64
                              0.00             0.00             0.00
  140 AFM205wg3   D13S166            55.31            61.29            47.64
                              0.00             0.00             0.00
  141 AFM037xa1   D13S152            55.31            61.29            47.64
                              0.00             0.00             0.00
  142 AFMa090zb9  D13S1326           55.31            61.29            47.64
                              0.54             0.00             1.06
  143 AFM093ye1   D13S156            55.85            61.29            48.70
                              0.53             1.08             0.00
  144 AFM240xg5   D13S269            56.38            62.37            48.70
                              1.08             1.08             1.08
  145 GATA43A10   D13S792            57.46            63.45            49.78
                              1.08             1.08             1.07
  146 AFM190xa1   D13S162            58.54            64.53            50.85
                              0.53             1.08             0.00
  147 GATA30F02   Unknown            59.07            65.61            50.85
                              0.00             0.00             0.00
  148 ATA9F04     Unknown            59.07            65.61            50.85
                              0.72             1.41             0.00
  149 AFMa052vd9  D13S1306           59.79            67.02            50.85
                              0.00             0.00             0.00
  150 AFMc007xh1  D13S1281           59.79            67.02            50.85
                              1.38             3.20             0.00
  151 AFM157xa11  D13S160            61.17            70.22            50.85
                              1.66             1.86             0.52
  152 UT2347      D13S921            62.83            72.08            51.37
                              0.00             0.00             0.55
  153 AFMb069wa5  D13S1255           62.83            72.08            51.92
                              0.00             0.00             0.00
  154 D13S38      D13S38             62.83            72.08            51.92
                              0.00             0.00             0.00
  155 AFMb317zc5  D13S1263           62.83            72.08            51.92
                              1.07             2.15             0.00
  156 AFMb342yf1  D13S1277           63.90            74.23            51.92
                              0.00             0.00             0.00
  157 AFM240wh2   D13S170            63.90            74.23            51.92
                              0.00             0.00             0.00
  158 GATA7G10    D13S317            63.90            74.23            51.92
                              0.53             1.08             0.00
  159 AFM095wh3   D13S157            64.43            75.31            51.92
                              0.54             1.08             0.00
  160 AFM067ye9   D13S1290           64.97            76.39            51.92
                              0.00             0.00             0.00
  161 AFMa124zh9  D13S1235           64.97            76.39            51.92
                              0.00             0.00             0.00
  162 GATA8G07    Unknown            64.97            76.39            51.92
                              0.00             0.00             0.00
  163 AFM218xd12  D13S264            64.97            76.39            51.92
                              0.00             0.00             0.00
  164 AFMb317ze5  D13S1264           64.97            76.39            51.92
                              0.00             0.00             0.00
  165 UT1329      D13S251            64.97            76.39            51.92
                              0.00             0.00             0.00
  166 GATA30H01   D13S790            64.97            76.39            51.92
                              0.00             0.00             0.00
  167 AFM115xa11  D13S271            64.97            76.39            51.92
                              1.07             0.00             2.13
  168 UT6073      D13S628            66.04            76.39            54.05
                              0.00             0.00             0.00
  169 AFM289za9   D13S282            66.04            76.39            54.05
                              0.00             0.00             0.00
  170 AFMc021xg5  D13S1286           66.04            76.39            54.05
                              0.55             1.11             0.00
  171 UT1378      D13S253            66.59            77.50            54.05
                              0.53             1.06             0.00
  172 GATA149F11  Unknown            67.12            78.56            54.05
                              0.00             0.00             0.00
  173 AFMc012yf1  D13S1283           67.12            78.56            54.05
                              0.53             1.07             0.00
  174 AFMa115yf9  D13S1230           67.65            79.63            54.05
                              0.00             0.00             0.00
  175 224za11     D13S266            67.65            79.63            54.05
                              0.00             0.00             0.00
  176 ATA30A10    D13S885            67.65            79.63            54.05
                              0.00             0.00             0.00
  177 AFMa163zd9  D13S1239           67.65            79.63            54.05
                              0.00             0.00             0.00
  178 AFMb359wb9  D13S1279           67.65            79.63            54.05
                              0.00             0.00             0.00
  179 GATA137B09  Unknown            67.65            79.63            54.05
                              0.54             0.00             1.06
* 180 GATA48C10   D13S794            68.19            79.63            55.11
                              0.25             0.50             0.00
  181 AFM144yc11  D13S1234           68.44            80.13            55.11
                              0.29             0.60             0.00
  182 AFM218yf10  D13S265            68.73            80.73            55.11
                              1.40             2.90             0.00
  183 ATA32H12    D13S886            70.13            83.63            55.11
                              0.93             1.44             0.00
  184 GATA50B09   D13S795            71.06            85.07            55.11
                              0.00             0.00             0.00
  185 AFM347xh9   D13S1300           71.06            85.07            55.11
                              0.99             0.00             2.13
  186 GATA21B04   Unknown            72.05            85.07            57.24
                              0.99             1.13             0.00
  187 UT5821      D13S627            73.04            86.20            57.24
                              0.00             1.05             0.00
* 188 ATA19F06    D13S775            73.04            87.25            57.24
                              0.00             0.00             0.00
  189 AFM207wb8   D13S167            73.04            87.25            57.24
                              0.00             0.00             0.00
  190 Mfd44       D13S71             73.04            87.25            57.24
                              0.00             0.00             0.00
  191 D13S122     D13S122            73.04            87.25            57.24
                              0.00             0.00             0.00
  192 AFM288yc1   D13S281            73.04            87.25            57.24
                              2.15             3.23             0.39
  193 AFMb360zb9  D13S1280           75.19            90.48            57.63
                              0.00             0.00             0.41
  194 UT7403      D13S631            75.19            90.48            58.04
                              0.00             0.00             0.28
  195 AFM065xe9   D13S154            75.19            90.48            58.32
                              1.07             1.08             1.06
  196 GATA153F01  Unknown            76.26            91.56            59.38
                              0.00             0.00             0.00
  197 GGAT12E07   Unknown            76.26            91.56            59.38
                              0.00             0.00             0.00
  198 AFMa204yh9  D13S1241           76.26            91.56            59.38
                              0.00             0.00             0.00
* 199 GATA85D03   D13S892            76.26            91.56            59.38
                              0.05             0.06             0.00
  200 AFMb350ye1  D13S1278           76.31            91.62            59.38
                              0.35             0.54             0.00
  201 UT1585      D13S254            76.66            92.16            59.38
                              0.14             0.48             0.00
  202 GATA21F07   D13S786            76.80            92.64            59.38
                              0.67             1.09             0.00
  203 AFMa304xc9  D13S1252           77.47            93.73            59.38
                              2.02             0.73             3.21
  204 AFMb328xg9  D13S1271           79.49            94.46            62.59
                              0.00             0.35             0.00
  205 AFMc020wg9  D13S1284           79.49            94.81            62.59
                              0.00             0.00             0.00
  206 AFM143yd6   D13S1232           79.49            94.81            62.59
                              0.00             0.00             0.00
  207 ACT3F12     D13S770            79.49            94.81            62.59
                              0.00             0.00             0.00
  208 AFM155yb6   D13S159            79.49            94.81            62.59
                              0.00             0.00             0.00
  209 AFM338wd9   D13S1298           79.49            94.81            62.59
                              2.15             2.15             2.13
  210 AFMb321ze9  D13S1267           81.64            96.96            64.72
                              0.00             0.00             0.00
  211 AFMa202wd1  D13S1240           81.64            96.96            64.72
                              0.00             0.00             0.00
  212 PCCA        Unknown            81.64            96.96            64.72
                              1.29             1.45             1.07
  213 ATA26D07    D13S779            82.93            98.41            65.79
                              0.64             1.44             0.00
  214 Mfd250      D13S225            83.57            99.85            65.79
                              1.30             1.44             0.60
  215 AFMc009wf1  D13S1282           84.87           101.29            66.39
                              0.00             0.00             0.21
  216 D13S32      D13S32             84.87           101.29            66.60
                              0.00             0.00             0.27
  217 AFMb320yd5  D13S1266           84.87           101.29            66.87
                              0.00             0.00             0.00
  218 AFM135xb8   D13S158            84.87           101.29            66.87
                              0.00             0.00             0.00
  219 AFMb291wf1  D13S1256           84.87           101.29            66.87
                              0.00             0.00             0.00
  220 AFM248tf1   D13S174            84.87           101.29            66.87
                              0.00             0.00             0.00
  221 AFMa085zc9  D13S1323           84.87           101.29            66.87
                              0.54             1.08             0.00
  222 AFM286zh5   D13S280            85.41           102.37            66.87
                              1.62             2.16             1.08
* 223 ATA9E02     D13S781            87.03           104.53            67.95
                              0.00             0.00             0.00
  224 AFM126zg5   D13S274            87.03           104.53            67.95
                              0.00             0.00             0.00
  225 AFM164zf4   D13S259            87.03           104.53            67.95
                              0.00             0.00             0.00
  226 GATA100E02  Unknown            87.03           104.53            67.95
                              3.24             5.42             0.35
  227 AFMa083zd5  D13S1322           90.27           109.95            68.30
                              0.00             0.00             0.47
  228 AFM102xd12  D13S1311           90.27           109.95            68.77
                              0.00             0.00             0.26
* 229 GATA135E01  Unknown            90.27           109.95            69.03
                              0.00             0.00             0.66
  230 GATA182F09  Unknown            90.27           109.95            69.69
                              3.25             5.39             0.42
  231 AFM310yd5   D13S286            93.52           115.34            70.11
                              0.00             0.00             0.00
  232 AFM283wf5   D13S278            93.52           115.34            70.11
                              0.00             0.06             0.00
  233 AFM261yg5   D13S173            93.52           115.40            70.11
                              0.00             0.00             0.00
  234 282wa5      D13S277            93.52           115.40            70.11
                              0.00             0.00             0.00
  235 UT7138      D13S630            93.52           115.40            70.11
                              0.00             0.00             0.00
  236 GATA44G10   D13S763            93.52           115.40            70.11
                              0.00             0.00             0.00
* 237 GATA51B02   D13S796            93.52           115.40            70.11
                              0.00             0.41             0.00
  238 AFMb292zd5  D13S1258           93.52           115.81            70.11
                              1.04             1.33             0.00
  239 UT1213      D13S248            94.56           117.14            70.11
                              2.14             0.00             4.84
  240 ATA23F06    D13S778            96.70           117.14            74.95
                              2.12             3.69             0.00
  241 GGAA22G01   D13S895            98.82           120.83            74.95
                              0.00             0.00             0.00
  242 AFMb318xh5  D13S1265           98.82           120.83            74.95
                              3.91             1.47             6.09
  243 AFMa058xd5  D13S1315          102.73           122.30            81.04
                              7.82             7.42             8.64
  244 AFM200yh8   D13S261           110.55           129.72            89.68
                              0.00             0.00             0.00
  245 AFM078xa1   D13S1295          110.55           129.72            89.68
                              0.00             0.00             0.00
  246 AFM309va9   D13S285           110.55           129.72            89.68
                              4.43             0.00             5.29
  247 AFMa127xh5  D13S293           114.98           129.72            94.97
                              0.00             0.00             0.00
  248 13QTEL56    D13S1825          114.98           129.72            94.97
