      Marker      Dnumber      sex-ave(cM)      female(cM)        male(cM)

    1 10PTEL45    D10S2488            0.00             0.00             0.00
                              0.51             2.35             0.00
    2 10PTEL62    D10S2489            0.51             2.35             0.00
                              1.62             2.28             0.00
    3 10PTEL35    D10S2487            2.13             4.63             0.00
                              0.00             0.00             0.00
    4 UT5009      D10S1145            2.13             4.63             0.00
                              0.00             0.00             0.00
    5 AFM207wd12  D10S249             2.13             4.63             0.00
                              1.12             0.00             2.16
    6 AFM317zd9   D10S594             3.25             4.63             2.16
                              0.00             0.00             0.00
    7 AFM248vb9   D10S558             3.25             4.63             2.16
                              1.07             0.00             2.14
    8 GATA156B03  Unknown             4.32             4.63             4.30
                              0.00             0.00             0.00
    9 AFMb299zb9  D10S1716            4.32             4.63             4.30
                              0.00             0.00             0.00
   10 GATA197E01  Unknown             4.32             4.63             4.30
                              0.00             0.00             0.00
   11 UT1699      D10S526             4.32             4.63             4.30
                              0.00             0.00             0.00
   12 AFM343vd9   D10S602             4.32             4.63             4.30
                              0.00             0.00             0.00
*  13 GATA11E12   Unknown             4.32             4.63             4.30
                              0.00             0.00             0.00
   14 UT1468      D10S1154            4.32             4.63             4.30
                              0.00             0.00             0.00
   15 AFM248vg1   D10S559             4.32             4.63             4.30
                              0.00             0.00             0.00
   16 AFMc012xc1  D10S1745            4.32             4.63             4.30
                              0.00             0.00             0.00
   17 AFM038xe9   D10S533             4.32             4.63             4.30
                              0.00             0.00             0.00
   18 GATA139B11  Unknown             4.32             4.63             4.30
                              0.89             0.00             1.81
   19 AFMb039xc9  D10S1706            5.21             4.63             6.11
                              0.00             0.00             0.00
   20 UT734       D10S1142            5.21             4.63             6.11
                              0.00             0.00             0.00
   21 ATA10G07    D10S1218            5.21             4.63             6.11
                              0.00             0.00             0.00
   22 UT8169      D10S1474            5.21             4.63             6.11
                              0.00             0.00             0.00
   23 UT5819      D10S1161            5.21             4.63             6.11
                              8.28             5.34            11.30
   24 AFM267vd9   D10S1729           13.49             9.97            17.41
                              0.00             0.00             0.00
   25 AFMb281xf1  D10S1713           13.49             9.97            17.41
                              0.00             0.00             0.00
   26 UT5199      D10S1153           13.49             9.97            17.41
                              0.00             0.00             0.00
   27 AFM309yd9   D10S591            13.49             9.97            17.41
                              0.00             0.00             0.00
   28 ATA84D02    Unknown            13.49             9.97            17.41
                              0.84             0.46             1.39
   29 AFM240wg5   D10S552            14.33            10.43            18.80
                              0.00             0.53             0.00
   30 D10S63      D10S63             14.33            10.96            18.80
                              4.67             0.54             8.12
   31 UT5190      D10S1152           19.00            11.50            26.92
                              0.00             0.00             0.00
   32 AFM063xf4   D10S189            19.00            11.50            26.92
                              1.75             2.11             1.36
   33 AFMc026wd9  D10S1751           20.75            13.61            28.28
                              0.71             1.33             0.00
   34 AFMa337ze9  D10S1691           21.46            14.94            28.28
                              0.82             2.01             0.00
   35 UT7760      D10S1172           22.28            16.95            28.28
                              0.00             0.18             0.00
   36 AFMa051xg9  D10S1779           22.28            17.13            28.28
                              4.91             5.78             3.56
   37 AFMb338wa5  D10S1728           27.19            22.91            31.84
                              0.00             0.00             0.00
   38 AFMb317wc1  D10S1720           27.19            22.91            31.84
                              0.00             0.00             0.00
   39 AFM260zc5   D10S226            27.19            22.91            31.84
                              0.00             0.00             0.00
   40 AFM155zg1   D10S1649           27.19            22.91            31.84
                              1.12             0.00             2.38
   41 ATA111B06   Unknown            28.31            22.91            34.22
                              0.00             0.00             0.00
   42 AFMb077yf9  D10S1712           28.31            22.91            34.22
                              0.00             0.00             0.00
   43 ATA31G11    D10S1412           28.31            22.91            34.22
                              0.00             0.00             0.00
   44 Mfd277      D10S465            28.31            22.91            34.22
                              0.84             1.06             0.00
   45 AFM214yc9   D10S547            29.15            23.97            34.22
                              0.85             0.00             2.37
   46 AFM294zd9   D10S585            30.00            23.97            36.59
                              0.00             0.00             0.00
   47 GGAA8G02    D10S1216           30.00            23.97            36.59
                              2.80             4.28             1.18
   48 AFMb042zb1  D10S1707           32.80            28.25            37.77
                              0.00             0.00             0.00
   49 AFMb035wh1  D10S1705           32.80            28.25            37.77
                              0.00             0.00             0.00
   50 AFM254wd9   D10S223            32.80            28.25            37.77
                              0.00             0.00             0.00
   51 GAAT5F06    D10S2325           32.80            28.25            37.77
                              0.00             0.00             0.00
   52 D10S172     D10S172            32.80            28.25            37.77
                              0.12             0.00             0.20
   53 UT7603      D10S1170           32.92            28.25            37.97
                              0.13             0.00             0.24
   54 UT459       D10S501            33.05            28.25            38.21
                              0.13             0.00             0.23
   55 GATA84C01   D10S1430           33.18            28.25            38.44
                              0.30             0.00             0.52
   56 AFM268zh1   D10S570            33.48            28.25            38.96
                              0.00             0.00             0.00
   57 UT1729      D10S527            33.48            28.25            38.96
                              0.00             0.00             0.31
   58 UT5635      D10S1159           33.48            28.25            39.27
                              0.00             0.00             0.31
   59 AFM058xa11  D10S1721           33.48            28.25            39.58
                              1.93             2.87             0.45
   60 UT538       D10S506            35.41            31.12            40.03
                              0.65             1.46             0.00
   61 AFMa210we5  D10S1664           36.06            32.58            40.03
                              0.00             0.00             0.49
   62 AFMb327yc9  D10S1725           36.06            32.58            40.52
                              1.84             2.52             0.58
   63 AFM066xa1   D10S191            37.90            35.10            41.10
                              2.46             5.03             0.00
   64 AFMa175yd1  D10S1653           40.36            40.13            41.10
                              0.71             1.62             0.00
   65 AFM079za9   D10S1763           41.07            41.75            41.10
                              0.72             1.61             0.00
   66 GATA6E06    D10S674            41.79            43.36            41.10
                              0.71             0.00             0.58
   67 AFM094xd7   D10S1477           42.50            43.36            41.68
                              0.00             0.00             0.48
   68 AFMa204xg9  D10S1661           42.50            43.36            42.16
                              0.00             0.00             0.00
   69 AFM295wa5   D10S1476           42.50            43.36            42.16
                              3.20             6.43             0.00
   70 Mfd354      D10S1125           45.70            49.79            42.16
                              0.00             0.00             0.00
   71 AFM220xd4   D10S548            45.70            49.79            42.16
                              0.00             0.00             0.00
   72 UT463       D10S504            45.70            49.79            42.16
                              0.00             0.00             0.00
   73 AFMb290yc1  D10S1714           45.70            49.79            42.16
                              0.53             1.06             0.00
   74 AFM162xf6   D10S203            46.23            50.85            42.16
                              0.00             0.00             0.00
   75 UT7460      D10S1168           46.23            50.85            42.16
                              0.00             0.00             0.00
   76 Mfd289      D10S466            46.23            50.85            42.16
                              0.00             0.00             0.00
*  77 GATA134B04  Unknown            46.23            50.85            42.16
                              0.00             0.54             0.00
   78 UT921       D10S518            46.23            51.39            42.16
                              0.71             0.54             0.00
   79 AFM324xc1   D10S595            46.94            51.93            42.16
                              1.42             1.06             2.13
   80 Mfd248      D10S245            48.36            52.99            44.29
                              0.00             0.00             0.00
   81 AFM295th1   D10S586            48.36            52.99            44.29
                              0.00             0.00             0.00
   82 AFMb351zc1  D10S1734           48.36            52.99            44.29
                              0.00             0.00             0.00
   83 AFM084xf11  D10S563            48.36            52.99            44.29
                              0.00             0.00             0.00
   84 AFM240xd6   D10S553            48.36            52.99            44.29
                              0.00             0.00             0.00
   85 AFM198wf8   D10S211            48.36            52.99            44.29
                              0.00             0.00             0.00
   86 AFMa204yb9  D10S1662           48.36            52.99            44.29
                              0.54             1.07             0.00
   87 AFMa224wa5  D10S1673           48.90            54.06            44.29
                              0.00             0.00             0.00
   88 AFMc012yc5  D10S1749           48.90            54.06            44.29
                              0.00             0.00             0.00
   89 AFMc012xd5  D10S1747           48.90            54.06            44.29
                              0.00             0.00             0.00
   90 AFMa204xe1  D10S1660           48.90            54.06            44.29
                              0.00             0.00             0.00
   91 AFM289zd1   D10S582            48.90            54.06            44.29
                              0.53             1.07             0.00
   92 UT689       D10S1139           49.43            55.13            44.29
                              0.00             0.00             0.00
   93 AFMa073yf9  D10S1789           49.43            55.13            44.29
                              0.00             0.00             0.00
   94 AFM238we5   D10S550            49.43            55.13            44.29
                              2.67             3.20             2.14
   95 AFM119xh12  D10S197            52.10            58.33            46.43
                              0.00             0.00             0.00
   96 AFMa047zb1  D10S1775           52.10            58.33            46.43
                              0.00             0.00             0.00
   97 GATA179E06  Unknown            52.10            58.33            46.43
                              0.00             0.00             0.00
   98 Mfd28A      D10S89             52.10            58.33            46.43
                              0.00             0.00             0.00
   99 AFM269yb9   D10S572            52.10            58.33            46.43
                              2.13             2.14             2.13
* 100 GATA3G07    D10S611            54.23            60.47            48.56
                              0.00             0.00             0.00
  101 AFM338ta5   D10S600            54.23            60.47            48.56
                              0.00             0.00             0.00
  102 AFM269xe5   D10S1733           54.23            60.47            48.56
                              0.00             0.00             0.00
  103 AFM311yb1   D10S593            54.23            60.47            48.56
                              0.00             0.00             0.00
  104 AFMa109xe1  D10S1641           54.23            60.47            48.56
                              0.00             0.00             0.00
  105 AFM298zf5   D10S588            54.23            60.47            48.56
                              0.00             0.00             0.00
  106 AFMa041yd5  D10S1771           54.23            60.47            48.56
                              0.00             0.00             0.00
  107 AFMa106vf5  D10S1639           54.23            60.47            48.56
                              0.00             0.00             0.00
  108 UT541       D10S509            54.23            60.47            48.56
                              0.00             0.00             0.00
  109 D10S174     D10S174            54.23            60.47            48.56
                              0.00             0.00             0.00
  110 Mfd164      D10S111            54.23            60.47            48.56
                              0.00             0.00             0.00
  111 UT5774      D10S1160           54.23            60.47            48.56
                              2.66             5.34             0.00
  112 GGAA6E04    Unknown            56.89            65.81            48.56
                              0.00             0.00             0.00
  113 AFMa346zd5  D10S1695           56.89            65.81            48.56
                              0.00             0.00             0.00
  114 AFMb345ya9  D10S1732           56.89            65.81            48.56
                              0.53             1.07             0.00
* 115 ATA27D02    D10S1228           57.42            66.88            48.56
                              0.00             0.00             0.00
  116 AFM164tg9   D10S204            57.42            66.88            48.56
                              0.00             0.00             0.00
  117 AFM342xe9   D10S601            57.42            66.88            48.56
                              0.00             0.00             0.00
  118 AFMa282xb1  D10S1684           57.42            66.88            48.56
                              0.00             0.00             0.00
  119 AFM254xb1   D10S224            57.42            66.88            48.56
                              0.00             0.00             0.00
  120 AFM199zb6   D10S213            57.42            66.88            48.56
                              0.54             0.00             1.06
  121 GATA29G05   Unknown            57.96            66.88            49.62
                              1.07             1.07             1.06
  122 AFM095zh7   D10S193            59.03            67.95            50.68
                              0.00             0.00             0.00
  123 GATA73E11   D10S1426           59.03            67.95            50.68
                              0.79             1.72             0.00
  124 UT539       Unknown            59.82            69.67            50.68
                              0.82             1.51             0.00
  125 GATA69B05   D10S1243           60.64            71.18            50.68
                              0.00             0.00             0.00
  126 AFM183xg1   D10S208            60.64            71.18            50.68
                              0.00             0.00             0.00
  127 AFMa224xb1  D10S1674           60.64            71.18            50.68
                              0.00             0.00             0.00
  128 ATA79C01    Unknown            60.64            71.18            50.68
                              0.00             0.00             0.00
  129 AFMa056wh9  D10S1781           60.64            71.18            50.68
                              0.00             0.00             0.00
  130 AFM137xb8   D10S565            60.64            71.18            50.68
                              0.00             0.00             0.00
  131 UT7493      D10S1169           60.64            71.18            50.68
                              0.00             0.00             0.00
  132 AFM137xh4   D10S199            60.64            71.18            50.68
                              0.00             0.00             0.00
  133 Mfd200      D10S183            60.64            71.18            50.68
                              1.59             2.13             0.52
  134 AFMa183we9  D10S1654           62.23            73.31            51.20
                              0.00             0.00             0.55
  135 AFM340xb1   D10S1768           62.23            73.31            51.75
                              0.00             0.00             0.00
  136 AFMa212wh5  D10S1666           62.23            73.31            51.75
                              1.07             2.14             0.00
  137 GATA6H05    D10S675            63.30            75.45            51.75
                              0.00             0.00             0.00
* 138 GGAA22G11   D10S1247           63.30            75.45            51.75
                              0.00             0.00             0.00
  139 ATA5A04     D10S1208           63.30            75.45            51.75
                              0.53             1.07             0.00
  140 AFMa056wh1  D10S1780           63.83            76.52            51.75
                              0.00             0.00             0.00
  141 GGAA9B08    D10S1217           63.83            76.52            51.75
                              2.14             4.28             0.00
  142 UT732       D10S513            65.97            80.80            51.75
                              0.00             0.00             0.00
  143 AFMa085wc5  D10S1791           65.97            80.80            51.75
                              0.00             0.00             0.00
  144 AFM282ya9   D10S578            65.97            80.80            51.75
                              0.00             0.00             0.00
  145 AFMc012xc5  D10S1746           65.97            80.80            51.75
                              0.00             0.00             0.00
  146 ATA36D09    Unknown            65.97            80.80            51.75
                              0.00             0.00             0.00
  147 UT540       D10S508            65.97            80.80            51.75
                              0.53             1.07             0.00
  148 AFMa218xg5  D10S1669           66.50            81.87            51.75
                              0.00             0.00             0.00
  149 AFMa062wh1  D10S1783           66.50            81.87            51.75
                              0.00             0.00             0.00
* 150 ATA5H08     D10S1233           66.50            81.87            51.75
                              0.00             0.00             0.00
  151 AFM362tb1   D10S604            66.50            81.87            51.75
                              0.00             0.00             0.00
  152 ATC3A07     Unknown            66.50            81.87            51.75
                              2.13             3.20             1.07
  153 AFMa073wc5  D10S1787           68.63            85.07            52.82
                              0.00             0.00             0.00
  154 AFMa100xb1  D10S1793           68.63            85.07            52.82
                              0.00             0.00             0.00
  155 AFM290vh1   D10S1754           68.63            85.07            52.82
                              0.00             0.00             0.00
  156 AFMa041yh1  D10S1772           68.63            85.07            52.82
                              1.07             1.07             1.06
  157 AFM080ye9   D10S1766           69.70            86.14            53.88
                              0.36             0.67             0.00
  158 AFM256yf9   D10S225            70.06            86.81            53.88
                              0.17             0.40             0.00
  159 AFM115xf2   D10S196            70.23            87.21            53.88
                              0.00             0.00             0.00
  160 AFM240xa9   D10S220            70.23            87.21            53.88
                              0.00             0.00             0.00
  161 ATA20B07    D10S1220           70.23            87.21            53.88
                              0.00             0.00             0.00
  162 AFM203zf8   D10S538            70.23            87.21            53.88
                              0.00             0.00             0.00
  163 AFMb326yf1  D10S1724           70.23            87.21            53.88
                              1.60             2.14             1.06
  164 AFM263yd5   D10S567            71.83            89.35            54.94
                              0.00             0.00             0.00
  165 Mfd78       D10S107            71.83            89.35            54.94
                              0.00             0.00             0.00
  166 AFM265vd9   D10S568            71.83            89.35            54.94
                              1.07             2.15             0.00
  167 AFM205tg11  D10S539            72.90            91.50            54.94
                              0.00             0.00             0.00
  168 AFMa064wb1  D10S1784           72.90            91.50            54.94
                              0.00             0.00             0.00
  169 Mfd310      D10S1122           72.90            91.50            54.94
                              1.60             3.21             0.00
  170 AFM136yg9   D10S1642           74.50            94.71            54.94
                              0.00             0.00             0.00
  171 AFMa122yd9  D10S1643           74.50            94.71            54.94
                              1.07             2.13             0.00
  172 AFM294xd9   D10S1756           75.57            96.84            54.94
                              0.00             0.00             0.00
  173 AFM063xb4   D10S546            75.57            96.84            54.94
                              0.00             0.00             0.00
  174 AFM337wb9   D10S1764           75.57            96.84            54.94
                              0.00             0.00             0.00
* 175 ATA25D11    D10S1227           75.57            96.84            54.94
                              0.00             0.00             0.00
  176 AFM333yc5   D10S1762           75.57            96.84            54.94
                              0.00             0.00             0.00
  177 AFM329xa9   D10S596            75.57            96.84            54.94
                              0.00             0.00             0.00
  178 Mfd349      D10S1124           75.57            96.84            54.94
                              0.00             0.00             0.00
  179 UT1466      D10S524            75.57            96.84            54.94
                              0.00             0.00             0.00
  180 AFMa073xf5  D10S1788           75.57            96.84            54.94
                              0.00             0.00             0.00
  181 AFMa203wg5  D10S1659           75.57            96.84            54.94
                              0.00             0.00             0.00
  182 AFM338zb5   D10S1767           75.57            96.84            54.94
                              0.00             0.00             0.00
  183 AFMa084xa5  D10S1790           75.57            96.84            54.94
                              3.46             3.85             3.20
  184 AFM175xh10  D10S207            79.03           100.69            58.14
                              0.00             0.00             0.00
  185 AFM302wb5   D10S589            79.03           100.69            58.14
                              0.00             0.00             0.00
  186 AFMa102we5  D10S1794           79.03           100.69            58.14
                              0.00             0.00             0.00
  187 Mfd274      D10S464            79.03           100.69            58.14
                              0.00             0.00             0.00
  188 GATA6D02    Unknown            79.03           100.69            58.14
                              0.00             0.00             0.00
  189 AFM234wh6   D10S549            79.03           100.69            58.14
                              1.16             0.00             2.14
* 190 ATA106F03   Unknown            80.19           100.69            60.28
                              0.00             0.00             0.00
  191 GATA2G08    D10S609            80.19           100.69            60.28
                              0.58             1.27             0.00
  192 ATA24F10    D10S1225           80.77           101.96            60.28
                              0.00             0.00             0.00
  193 AFM254xd9   D10S561            80.77           101.96            60.28
                              0.00             0.00             0.00
  194 AFMa162zh9  D10S1652           80.77           101.96            60.28
                              0.00             0.00             0.00
  195 275yg9      D10S576            80.77           101.96            60.28
                              0.00             0.00             0.00
  196 AFMb301za9  D10S1719           80.77           101.96            60.28
                              0.00             0.00             0.00
  197 GATA151F09  Unknown            80.77           101.96            60.28
                              0.00             0.00             0.00
  198 AFMa107we1  D10S1640           80.77           101.96            60.28
                              1.73             1.28             2.13
  199 AFM079ya1   D10S557            82.50           103.24            62.41
                              0.00             0.00             0.00
  200 GATA82H09   D10S1428           82.50           103.24            62.41
                              0.00             0.00             0.00
  201 AFMb299we5  D10S1715           82.50           103.24            62.41
                              0.00             0.00             0.00
  202 UT460       D10S502            82.50           103.24            62.41
                              0.00             0.00             0.00
  203 AFM287yf9   D10S581            82.50           103.24            62.41
                              0.00             0.00             0.00
  204 AFMc006zc1  D10S1743           82.50           103.24            62.41
                              0.00             0.00             0.37
  205 AFM337ya5   D10S599            82.50           103.24            62.78
                              1.86             2.83             0.61
  206 UT1270      D10S522            84.36           106.07            63.39
                              1.84             2.61             0.63
  207 AFMa125xh9  D10S1646           86.20           108.68            64.02
                              0.00             0.00             0.00
  208 AFM164yh8   D10S1670           86.20           108.68            64.02
                              0.61             0.00             1.60
  209 AFM186xe5   D10S210            86.81           108.68            65.62
                              0.00             0.00             0.00
  210 GATA164F07  Unknown            86.81           108.68            65.62
                              1.60             3.21             0.00
  211 AFMc005yg5  D10S1742           88.41           111.89            65.62
                              0.00             0.00             0.00
  212 AFMa129xh9  D10S1647           88.41           111.89            65.62
                              0.00             0.00             0.00
  213 GATA121A08  Unknown            88.41           111.89            65.62
                              0.80             0.00             2.13
  214 AFMa210xh1  D10S1665           89.21           111.89            67.75
                              0.00             0.00             0.00
  215 AFMa223ya9  D10S1672           89.21           111.89            67.75
                              0.00             0.00             0.00
  216 AFMa240wh9  D10S1678           89.21           111.89            67.75
                              0.80             1.07             0.00
  217 GATA7B01    D10S676            90.01           112.96            67.75
                              0.00             0.60             0.00
  218 AFM248ze1   D10S560            90.01           113.56            67.75
                              1.12             0.55             1.08
  219 AFMa299ya5  D10S1688           91.13           114.11            68.83
                              0.00             0.00             0.00
  220 AFMa285wd5  D10S1685           91.13           114.11            68.83
                              0.00             0.00             0.35
  221 AFMa142zd5  D10S1648           91.13           114.11            69.18
                              0.00             0.00             0.36
  222 AFM162xa1   D10S529            91.13           114.11            69.54
                              0.00             0.00             0.27
  223 AFM203xc5   D10S537            91.13           114.11            69.81
                              1.68             2.30             0.10
  224 AFMa153wd5  D10S1650           92.81           116.41            69.91
                              0.56             1.15             0.00
  225 AFMa344yd1  D10S1694           93.37           117.56            69.91
                              0.00             0.00             0.00
  226 AFM294wh9   D10S584            93.37           117.56            69.91
                              0.00             0.00             0.00
  227 AFMa131yc5  D10S606            93.37           117.56            69.91
                              0.00             0.00             0.00
  228 AFM323yb5   D10S1759           93.37           117.56            69.91
                              0.55             0.00             1.07
  229 AFM063xc5   D10S188            93.92           117.56            70.98
                              0.00             0.00             0.00
  230 UT5043      D10S1146           93.92           117.56            70.98
                              0.00             0.00             0.00
  231 AFMb356zb1  D10S1737           93.92           117.56            70.98
                              0.00             0.00             0.00
  232 GATA87G01   D10S1432           93.92           117.56            70.98
                              0.00             0.00             0.00
  233 AFM220xe5   D10S218            93.92           117.56            70.98
                              0.56             1.15             0.00
  234 AFM098xg1   D10S195            94.48           118.71            70.98
                              0.00             0.00             0.00
  235 AFM200wf4   D10S535            94.48           118.71            70.98
                              0.56             0.00             1.08
  236 AFM242zg7   D10S556            95.04           118.71            72.06
                              1.68             1.15             2.16
  237 AFM284vf5   D10S580            96.72           119.86            74.22
                              0.57             1.16             0.00
  238 UT635       D10S1136           97.29           121.02            74.22
                              0.00             0.28             0.00
  239 AFMb007yc5  D10S1699           97.29           121.30            74.22
                              1.12             0.17             1.08
  240 AFM287ve1   D10S1752           98.41           121.47            75.30
                              0.00             0.71             0.00
  241 AFMa120xc5  D10S605            98.41           122.18            75.30
                              0.00             0.00             0.00
  242 Mfd150A     D10S109            98.41           122.18            75.30
                              0.00             0.00             0.00
  243 GATA196C10  Unknown            98.41           122.18            75.30
                              0.00             0.00             0.00
  244 AFM168xe1   D10S206            98.41           122.18            75.30
                              0.00             0.00             0.00
  245 UT7201      D10S1164           98.41           122.18            75.30
                              0.00             0.00             0.00
  246 AFM161xc1   D10S202            98.41           122.18            75.30
                              0.55             0.00             1.08
  247 AFMb341wg9  D10S1730           98.96           122.18            76.38
                              0.00             0.00             0.00
  248 AFM265zg5   D10S569            98.96           122.18            76.38
                              0.56             1.15             0.00
  249 AFMb027wc9  D10S1704           99.52           123.33            76.38
                              0.00             0.00             0.00
  250 AFMa133zg5  D10S607            99.52           123.33            76.38
                              0.00             0.00             0.00
  251 AFMa124xh1  D10S1645           99.52           123.33            76.38
                              0.56             0.00             1.08
  252 AFMa233wg5  D10S1677          100.08           123.33            77.46
                              0.00             0.00             0.00
  253 UT5168      D10S1151          100.08           123.33            77.46
                              0.84             2.29             0.00
  254 GGAT1A4     D10S2327          100.92           125.62            77.46
                              0.00             0.00             0.00
  255 AFM240wg7   D10S219           100.92           125.62            77.46
                              0.00             0.00             0.00
  256 AFMa216xf9  D10S1667          100.92           125.62            77.46
                              0.84             0.00             1.07
  257 AFMa051tb9  D10S1777          101.76           125.62            78.53
                              0.00             0.00             0.00
  258 AFM155zc3   D10S201           101.76           125.62            78.53
                              1.67             2.30             0.00
  259 AFMa070xe9  D10S1786          103.43           127.92            78.53
                              0.00             0.00             0.00
  260 Mfd228      D10S246           103.43           127.92            78.53
                              0.00             0.00             0.00
  261 AFMa351wh9  D10S1696          103.43           127.92            78.53
                              0.00             0.00             1.08
  262 UT1464      D10S523           103.43           127.92            79.61
                              0.00             0.00             0.00
  263 GATA134F03  Unknown           103.43           127.92            79.61
                              1.61             1.07             2.17
  264 AFMa301xg9  D10S1689          105.04           128.99            81.78
                              0.00             0.00             0.00
  265 UT8104      D10S1174          105.04           128.99            81.78
                              0.00             0.00             0.00
  266 AFM192xa5   D10S532           105.04           128.99            81.78
                              0.00             0.00             0.00
  267 AFM240vf10  D10S551           105.04           128.99            81.78
                              0.00             0.00             0.00
  268 AFM191va9   D10S1686          105.04           128.99            81.78
                              1.07             1.06             0.40
  269 AFM092zb7   D10S1774          106.11           130.05            82.18
                              0.00             0.00             0.29
  270 AFM330va5   D10S1761          106.11           130.05            82.47
                              0.00             0.00             0.39
  271 AFM269zd1   D10S573           106.11           130.05            82.86
                              0.00             0.00             0.00
  272 AFMb299ze9  D10S1717          106.11           130.05            82.86
                              0.54             0.00             1.07
  273 AFMb003xh5  D10S1698          106.65           130.05            83.93
                              0.00             0.00             0.00
  274 AFMa124wd9  D10S1644          106.65           130.05            83.93
                              0.00             0.00             0.00
  275 AFMa196zb1  D10S1658          106.65           130.05            83.93
                              0.27             0.39             0.00
  276 AFM353ta5   D10S1769          106.92           130.44            83.93
                              0.26             0.69             0.00
  277 AFM063xb10  D10S1744          107.18           131.13            83.93
                              0.54             1.07             0.00
  278 AFM205wd12  D10S215           107.72           132.20            83.93
                              0.00             0.00             0.00
  279 AFMa298zc1  D10S1687          107.72           132.20            83.93
                              1.07             2.14             0.00
  280 AFM337xf9   D10S1765          108.79           134.34            83.93
                              0.54             0.00             1.08
  281 ATA80B10    Unknown           109.33           134.34            85.01
                              0.00             0.00             0.00
  282 AFM205xe3   D10S541           109.33           134.34            85.01
                              0.00             0.00             0.00
  283 AFM269xf9   D10S1735          109.33           134.34            85.01
                              0.00             0.00             0.00
  284 AFM282yc1   D10S579           109.33           134.34            85.01
                              0.65             1.29             0.00
  285 AFMb362yg5  D10S1739          109.98           135.63            85.01
                              1.30             2.63             0.00
  286 UT923       D10S1143          111.28           138.26            85.01
                              1.30             2.63             0.00
  287 AFM287ze1   D10S1753          112.58           140.89            85.01
                              0.00             0.00             0.00
  288 AFM029xh12  D10S564           112.58           140.89            85.01
                              0.00             0.00             0.00
  289 GATA115E01  D10S2470          112.58           140.89            85.01
                              1.61             2.15             1.08
  290 AFM292vg1   D10S1755          114.19           143.04            86.09
                              0.54             1.08             0.00
  291 AFM022xe3   D10S536           114.73           144.12            86.09
                              0.54             0.00             1.08
  292 AFM289zh5   D10S583           115.27           144.12            87.17
                              1.07             0.00             2.15
  293 AFM019th6   D10S185           116.34           144.12            89.32
                              1.08             2.13             0.00
  294 AFMa244vg9  D10S1680          117.42           146.25            89.32
                              0.00             0.00             0.00
  295 AFM269xg9   D10S571           117.42           146.25            89.32
                              0.00             0.00             0.00
  296 Mfd29       D10S91            117.42           146.25            89.32
                              0.00             0.00             0.00
  297 GGAA2F11    D10S677           117.42           146.25            89.32
                              0.00             0.00             0.00
  298 GATA30F07a  Unknown           117.42           146.25            89.32
                              0.00             0.00             0.00
  299 UT925       D10S520           117.42           146.25            89.32
                              0.00             0.00             0.00
  300 AFM151xd2   D10S200           117.42           146.25            89.32
                              0.00             0.00             0.00
  301 UT7709      D10S1171          117.42           146.25            89.32
                              0.00             0.00             0.00
* 302 ATA105C09   Unknown           117.42           146.25            89.32
                              0.00             0.00             0.00
  303 AFMa302wh1  D10S1690          117.42           146.25            89.32
                              0.00             0.00             0.00
  304 AFM269zd9   D10S574           117.42           146.25            89.32
                              0.00             0.00             0.00
  305 AFMb354xe1  D10S1736          117.42           146.25            89.32
                              0.00             0.00             0.00
  306 UT7742      D10S1173          117.42           146.25            89.32
                              1.52             3.08             0.00
  307 AFM311ze9   D10S1758          118.94           149.33            89.32
                              0.00             0.00             0.00
  308 AFM276xb5   D10S577           118.94           149.33            89.32
                              0.76             1.54             0.00
  309 AFMb050zc5  D10S1709          119.70           150.87            89.32
                              2.28             4.63             0.00
* 310 Mfd214      D10S184           121.98           155.50            89.32
                              0.00             0.00             0.37
  311 AFM126yd6   D10S198           121.98           155.50            89.69
                              0.00             0.00             0.28
  312 AFMb331zc9  D10S1726          121.98           155.50            89.97
                              0.86             0.43             0.43
  313 Mfd347      D10S1123          122.84           155.93            90.40
                              0.00             0.43             0.00
* 314 UT5126      D10S1147          122.84           156.36            90.40
                              0.86             0.30             1.08
  315 AFM350wa5   D10S603           123.70           156.66            91.48
                              0.57             1.16             0.00
  316 AFM154yc1   D10S1264          124.27           157.82            91.48
                              0.00             0.00             0.00
  317 AFMa051we5  D10S1778          124.27           157.82            91.48
                              0.00             0.00             0.00
  318 AFMa132yd9  D10S1266          124.27           157.82            91.48
                              0.00             0.00             0.00
  319 AFM094tc9   D10S192           124.27           157.82            91.48
                              0.00             0.00             0.00
  320 AFMb055zb9  D10S1710          124.27           157.82            91.48
                              0.00             0.00             0.00
  321 FB7F11      Unknown           124.27           157.82            91.48
                              0.00             0.00             0.00
  322 AFM206yb2   D10S1265          124.27           157.82            91.48
                              1.14             2.29             0.00
  323 AFMb359zg5  D10S1738          125.41           160.11            91.48
                              0.00             0.00             0.00
  324 AFMb001wb9  D10S1697          125.41           160.11            91.48
                              0.00             0.00             0.00
  325 AFMa217yg5  D10S1668          125.41           160.11            91.48
                              0.00             0.00             0.00
* 326 GATA64B01   Unknown           125.41           160.11            91.48
                              0.00             0.00             0.00
  327 AFM249wc5   D10S222           125.41           160.11            91.48
                              0.00             0.00             0.00
  328 AFMa343yg5  D10S1692          125.41           160.11            91.48
                              0.00             0.00             0.00
  329 AFMa064za5  D10S1268          125.41           160.11            91.48
                              0.00             0.00             0.00
  330 AFMa301xe1  D10S1267          125.41           160.11            91.48
                              0.00             0.00             0.44
  331 AFM164yd8   D10S205           125.41           160.11            91.92
                              1.70             0.96             0.64
  332 AFMa222zc5  D10S1671          127.11           161.07            92.56
                              0.00             1.35             0.00
  333 AFMa205wc9  D10S1663          127.11           162.42            92.56
                              0.00             0.00             0.00
  334 UT5027      D10S521           127.11           162.42            92.56
                              0.00             0.00             0.00
  335 AFM177xe3   D10S530           127.11           162.42            92.56
                              0.00             0.00             0.00
  336 AFM154xh2   D10S566           127.11           162.42            92.56
                              0.00             0.00             0.00
  337 AFM198yh8   D10S534           127.11           162.42            92.56
                              0.00             0.00             0.00
  338 Mfd296      D10S467           127.11           162.42            92.56
                              0.00             0.00             0.00
  339 GATA114H09  Unknown           127.11           162.42            92.56
                              0.00             0.00             0.00
  340 AFM205xe11  D10S540           127.11           162.42            92.56
                              0.00             0.00             0.00
  341 Mfd249      D10S254           127.11           162.42            92.56
                              1.08             2.14             0.00
  342 AFM078xa9   D10S1760          128.19           164.56            92.56
                              0.00             0.00             0.00
  343 Mfd306      D10S1121          128.19           164.56            92.56
                              0.00             0.00             0.00
  344 Mfd100A     D10S108           128.19           164.56            92.56
                              0.00             0.00             0.00
  345 AFMc005xh5  D10S1741          128.19           164.56            92.56
                              0.54             0.00             1.08
  346 AFM331xa9   D10S597           128.73           164.56            93.64
                              0.00             0.00             0.00
  347 AFMc015wd1  D10S1750          128.73           164.56            93.64
                              0.00             0.00             0.00
  348 GGAA22D12   D10S1246          128.73           164.56            93.64
                              0.00             0.00             0.00
  349 AFMa102xe9  D10S1795          128.73           164.56            93.64
                              0.00             0.00             0.00
  350 AFM207yc3   D10S543           128.73           164.56            93.64
                              1.08             3.22             0.00
  351 Mfd7        D10S88            129.81           167.78            93.64
                              1.09             0.00             0.48
  352 AFM240yc7   D10S554           130.90           167.78            94.12
                              0.00             0.00             0.60
  353 Mfd175      D10S168           130.90           167.78            94.72
                              0.00             0.00             0.00
* 354 AFMa273ye1  D10S1682          130.90           167.78            94.72
                              0.00             0.00             0.00
  355 GATA83D05   Unknown           130.90           167.78            94.72
                              0.90             1.44             0.00
  356 AFM274xf9   D10S1269          131.80           169.22            94.72
                              1.47             1.44             2.16
  357 AFMa272zd1  D10S1681          133.27           170.66            96.88
                              0.90             1.44             0.00
  358 AFMc012xg9  D10S1748          134.17           172.10            96.88
                              0.00             0.00             0.00
  359 AFMa048zh5  D10S1776          134.17           172.10            96.88
                              0.00             0.00             0.00
  360 Mfd298      D10S468           134.17           172.10            96.88
                              0.00             0.00             0.00
  361 AFM259xg5   D10S562           134.17           172.10            96.88
                              0.00             0.00             0.00
  362 AFMb343zc1  D10S1731          134.17           172.10            96.88
                              0.00             0.00             0.00
  363 AFMa046ye9  D10S1773          134.17           172.10            96.88
                              0.00             0.00             0.00
  364 ATA103C06   Unknown           134.17           172.10            96.88
                              0.53             1.07             0.00
  365 GATA48G07   D10S1237          134.70           173.17            96.88
                              0.54             1.08             0.00
  366 AFMa191wf5  D10S1657          135.24           174.25            96.88
                              0.00             0.00             0.00
  367 UT7225      D10S1165          135.24           174.25            96.88
                              0.00             0.00             0.00
  368 UT2527      D10S1156          135.24           174.25            96.88
                              0.00             0.00             0.00
  369 AFM211we7   D10S545           135.24           174.25            96.88
                              0.00             0.00             0.00
  370 UT1793      D10S1158          135.24           174.25            96.88
                              0.00             0.00             0.00
  371 UT5419      D10S528           135.24           174.25            96.88
                              0.00             0.00             0.00
  372 AFMa282wc5  D10S1683          135.24           174.25            96.88
                              0.00             0.00             0.00
  373 AFM042xa9   D10S187           135.24           174.25            96.88
                              0.00             0.00             0.00
  374 AFM185yc9   D10S531           135.24           174.25            96.88
                              0.00             0.00             0.00
  375 AFM210we3   D10S544           135.24           174.25            96.88
                              1.43             1.62             1.08
  376 AFM249vf1   D10S221           136.67           175.87            97.96
                              0.00             0.00             0.00
  377 GATA71C09   D10S1425          136.67           175.87            97.96
                              0.72             1.61             0.00
  378 AFMb320zb5  D10S1722          137.39           177.48            97.96
                              0.00             0.00             0.00
  379 AFMa344xc1  D10S1693          137.39           177.48            97.96
                              1.08             2.15             0.00
  380 AFMb018xe5  D10S1701          138.47           179.63            97.96
                              0.00             0.00             0.00
  381 AFM065yh11  D10S190           138.47           179.63            97.96
                              0.00             0.00             0.00
  382 AFMa085xd9  D10S1792          138.47           179.63            97.96
                              0.00             0.00             0.00
  383 AFMb363ze5  D10S1740          138.47           179.63            97.96
                              0.00             0.00             0.00
* 384 UT462       D10S503           138.47           179.63            97.96
                              0.00             0.00             0.00
  385 AFM052xg5   D10S542           138.47           179.63            97.96
                              0.00             0.00             0.00
  386 GATA127H01  Unknown           138.47           179.63            97.96
                              0.00             0.00             0.00
  387 AFMa065zb5  D10S1785          138.47           179.63            97.96
                              0.00             0.00             0.00
  388 GATA28H01   D10S1236          138.47           179.63            97.96
                              0.00             1.60             0.00
  389 UT730       D10S1141          138.47           181.23            97.96
                              3.23             1.65             3.24
  390 AFM309ye1   D10S1757          141.70           182.88           101.20
                              1.08             2.16             0.00
  391 ATA29C03    D10S1230          142.78           185.04           101.20
                              0.00             0.00             0.00
  392 AFM185xe11  D10S209           142.78           185.04           101.20
                              0.00             0.00             0.00
  393 AFMa197wb1  D10S1483          142.78           185.04           101.20
                              0.00             0.00             0.00
  394 AFMa244vb5  D10S1679          142.78           185.04           101.20
                              4.79             6.47             2.89
  395 AFM296zg9   D10S587           147.57           191.51           104.09
                              0.60             0.00             1.44
  396 AFMb321wf1  D10S1723          148.17           191.51           105.53
                              0.00             0.00             0.00
  397 GGAA5D10    D10S1213          148.17           191.51           105.53
                              0.00             0.00             0.61
  398 AFMb044ze9  D10S1708          148.17           191.51           106.14
                              1.08             1.07             0.47
  399 AAC1C02     D10S2322          149.25           192.58           106.61
                              0.00             0.00             0.00
  400 AFMa184xd9  D10S1656          149.25           192.58           106.61
                              0.00             0.00             0.00
  401 AFM205zd8   D10S216           149.25           192.58           106.61
                              0.00             0.00             0.00
  402 D10S12      D10S12            149.25           192.58           106.61
                              4.53             5.18             3.29
  403 AFM270xb1   D10S575           153.78           197.76           109.90
                              0.03             0.61             1.08
  404 AFM200yh6   D10S214           153.81           198.37           110.98
                              1.92             0.68             2.19
  405 AFMb021zd1  D10S1703          155.73           199.05           113.17
                              0.54             0.00             1.09
  406 AFMa062we5  D10S1782          156.27           199.05           114.26
                              0.00             0.00             0.00
* 407 ATA22D02    D10S1222          156.27           199.05           114.26
                              0.00             0.00             0.00
  408 AFM265wf1   D10S1727          156.27           199.05           114.26
                              0.00             0.00             0.00
  409 AFM023xc3   D10S186           156.27           199.05           114.26
                              1.62             2.15             1.08
  410 AFM212xd6   D10S217           157.89           201.20           115.34
                              2.15             3.24             0.00
  411 AFMa232yh9  D10S1676          160.04           204.44           115.34
                              2.34             1.46             4.32
  412 AFMa184wc1  D10S1655          162.38           205.90           119.66
                              0.00             0.00             0.00
  413 UT464       D10S1134          162.38           205.90           119.66
                              0.00             0.00             0.00
  414 GGAT14G01   Unknown           162.38           205.90           119.66
                              2.89             2.86             3.24
  415 GGAA23C05   D10S1248          165.27           208.76           122.90
                              0.00             0.00             0.00
  416 UT517       D10S505           165.27           208.76           122.90
                              3.50             0.00             6.57
  417 AFMa041th5  D10S1770          168.77           208.76           129.47
                              0.00             0.00             0.00
  418 AFMa162xg1  D10S1651          168.77           208.76           129.47
                              1.63             2.16             1.09
  419 AFMa230va9  D10S1675          170.40           210.92           130.56
                              0.00             0.00             0.00
  420 AFM304wh1   D10S590           170.40           210.92           130.56
                              0.54             0.00             1.08
  421 AFM198zb4   D10S212           170.94           210.92           131.64
                              0.00             0.00             0.00
  422 AFM242yc7   D10S555           170.94           210.92           131.64
                              0.00             0.00             0.00
  423 AFMb074zf9  D10S1711          170.94           210.92           131.64
                              0.00             0.00             0.00
  424 10QTEL23    Unknown           170.94           210.92           131.64
                              1.32             0.00             2.08
  425 AFMb012zg1  D10S1700          172.26           210.92           133.72
                              0.87             0.00             3.92
  426 Mfd187      D10S169           173.13           210.92           137.64
