      Marker      Dnumber      sex-ave(cM)      female(cM)        male(cM)

    1 AFM178xc3   D18S59              0.00             0.00             0.00
                              0.88             0.00             2.11
    2 AFM287we1   D18S1140            0.88             0.00             2.11
                              1.20             0.00             2.93
    3 AFM094th3   D18S1146            2.08             0.00             5.04
                              0.76             0.22             0.00
    4 AFM299yf1   D18S476             2.84             0.22             5.04
                              0.00             0.39             0.00
    5 AFM182xg5   D18S1105            2.84             0.61             5.04
                              0.00             0.48             0.00
    6 UT7162      D18S818             2.84             1.09             5.04
                              0.00             0.00             0.00
*   7 GATA178F11  Unknown             2.84             1.09             5.04
                              2.74             0.00             5.27
    8 AFMa175ye9  D18S1098            5.58             1.09            10.31
                              1.36             0.00             3.51
    9 AFM321xc9   D18S481             6.94             1.09            13.82
                              0.00             0.00             0.00
   10 ATA45G06    Unknown             6.94             1.09            13.82
                              1.36             2.18             0.00
   11 AFM080xd7   D18S54              8.30             3.27            13.82
                              0.00             0.00             0.00
   12 AFM238yd8   D18S459             8.30             3.27            13.82
                              0.00             0.00             0.00
   13 AFMb360yh1  D18S1138            8.30             3.27            13.82
                              0.00             0.00             0.00
   14 AFM205td6   D18S63              8.30             3.27            13.82
                              0.00             0.61             0.00
   15 AFMa056ye1  D18S1154            8.30             3.88            13.82
                              0.96             0.67             0.00
   16 AFM020tf12  D18S52              9.26             4.55            13.82
                              1.95             1.30             3.24
   17 AFMb329wd5  D18S1132           11.21             5.85            17.06
                              1.60             2.27             1.32
   18 GATA88A12   D18S976            12.81             8.12            18.38
                              3.73             2.27             4.85
   19 GATA185C06  Unknown            16.54            10.39            23.23
                              2.16             1.69             2.55
   20 AFM283xg9   D18S471            18.70            12.08            25.78
                              0.00             0.00             0.00
   21 AFM206xf4   D18S452            18.70            12.08            25.78
                              0.00             0.00             0.00
   22 UT408       D18S344            18.70            12.08            25.78
                              0.00             0.00             0.00
   23 UT1302      D18S391            18.70            12.08            25.78
                              0.00             0.00             0.00
   24 AFM238xc11  D18S458            18.70            12.08            25.78
                              0.00             0.00             0.00
   25 AFM197xh12  D18S62             18.70            12.08            25.78
                              0.94             1.49             0.00
   26 GATA116D12  D18S967            19.64            13.57            25.78
                              0.00             0.00             0.00
   27 Mfd80       D18S78             19.64            13.57            25.78
                              4.44             1.94            10.42
   28 AFMa101xf9  D18S1163           24.08            15.51            36.20
                              4.02             4.86             0.00
   29 ACT1A01     D18S843            28.10            20.37            36.20
                              3.07             5.17             1.59
   30 AFM259vh9   D18S464            31.17            25.54            37.79
                              4.29             6.69             0.38
   31 AFMa054yg9  D18S1153           35.46            32.23            38.17
                              1.69             1.63             3.42
   32 AFMa053wd1  D18S1150           37.15            33.86            41.59
                              1.77             1.65             2.65
   33 AFM023tc1   D18S1158           38.92            35.51            44.24
                              2.32             3.26             0.00
   34 AFMb022we9  D18S1116           41.24            38.77            44.24
                              0.00             0.00             0.00
*  35 AFM036ya1   D18S53             41.24            38.77            44.24
                              0.00             0.00             0.00
   36 AFM323ze9   D18S482            41.24            38.77            44.24
                              1.13             3.30             0.00
   37 ATA92E03    Unknown            42.37            42.07            44.24
                              1.12             0.00             1.12
*  38 AFM214xd2   D18S453            43.49            42.07            45.36
                              0.00             0.00             0.00
   39 AFM254yd5   D18S71             43.49            42.07            45.36
                              0.00             0.00             0.00
   40 AFMb009yf1  D18S1114           43.49            42.07            45.36
                              0.00             0.00             0.00
   41 AFM266wa5   D18S73             43.49            42.07            45.36
                              6.06            12.32             0.00
   42 AFMa052yg1  D18S1149           49.55            54.39            45.36
                              0.00             0.00             0.00
   43 AFMa240yg1  D18S1104           49.55            54.39            45.36
                              0.00             0.00             0.00
   44 GATA41G05   Unknown            49.55            54.39            45.36
                              0.83             1.66             0.00
   45 AFM164zc1   D18S1101           50.38            56.05            45.36
                              0.83             1.67             0.00
   46 AFMa289we1  D18S1107           51.21            57.72            45.36
                              0.00             0.00             0.00
   47 AFMa301xc5  D18S1108           51.21            57.72            45.36
                              0.00             0.00             0.00
   48 AFM320yc9   D18S480            51.21            57.72            45.36
                              0.82             1.66             0.00
   49 GATA30C02   D18S866            52.03            59.38            45.36
                              0.83             1.66             0.00
   50 AFM240xc7   D18S66             52.86            61.04            45.36
                              0.00             0.00             0.00
   51 AFM311we5   D18S478            52.86            61.04            45.36
                              0.00             0.00             0.00
   52 UT7251      D18S819            52.86            61.04            45.36
                              0.00             0.00             0.00
   53 UT5129      D18S997            52.86            61.04            45.36
                              1.54             3.30             0.00
   54 GATA64H04   D18S877            54.40            64.34            45.36
                              2.31             3.31             1.07
*  55 AFM123ya1   D18S56             56.71            67.65            46.43
                              0.00             0.00             0.00
   56 GATA171C12  Unknown            56.71            67.65            46.43
                              0.00             0.00             0.00
   57 AFM242zh6   D18S463            56.71            67.65            46.43
                              0.00             0.00             0.00
   58 GATA25H01   D18S847            56.71            67.65            46.43
                              0.00             0.00             0.00
   59 AFMa054td1  D18S1151           56.71            67.65            46.43
                              1.74             3.48             0.00
   60 UT652       D18S384            58.45            71.13            46.43
                              0.00             0.00             0.00
   61 GATA183H03  Unknown            58.45            71.13            46.43
                              0.00             0.00             0.00
   62 MS156       D18S36             58.45            71.13            46.43
                              0.00             0.00             0.00
   63 AFM238vb6   D18S457            58.45            71.13            46.43
                              2.72             5.55             0.00
   64 AFMb301ze5  D18S1124           61.17            76.68            46.43
                              0.56             1.13             0.00
   65 AFMb330yg9  D18S1133           61.73            77.81            46.43
                              0.00             0.00             0.00
   66 AFMb331zb1  D18S1135           61.73            77.81            46.43
                              0.00             0.00             0.00
   67 AFM234zb6   D18S456            61.73            77.81            46.43
                              0.56             0.00             1.07
   68 AFMa099zd1  D18S1162           62.29            77.81            47.50
                              0.00             0.00             0.00
   69 GATA8E05    D18S536            62.29            77.81            47.50
                              0.00             0.00             0.00
*  70 ATA24G09    Unknown            62.29            77.81            47.50
                              0.00             0.00             0.00
   71 Mfd26A      D18S34             62.29            77.81            47.50
                              0.00             0.00             0.00
*  72 GATA173A03  Unknown            62.29            77.81            47.50
                              0.55             1.10             0.00
   73 AFM199zg7   D18S451            62.84            78.91            47.50
                              0.00             0.00             0.00
   74 AFMa217wc1  D18S1100           62.84            78.91            47.50
                              0.00             0.00             0.00
   75 AFMb314wc1  D18S1128           62.84            78.91            47.50
                              0.00             0.00             0.00
   76 AFM147yg7   D18S57             62.84            78.91            47.50
                              0.00             0.00             0.00
   77 AFMc006xf1  D18S1139           62.84            78.91            47.50
                              0.00             0.00             0.00
   78 AFMa224wb1  D18S1102           62.84            78.91            47.50
                              0.00             0.00             0.00
   79 AFMa130wb1  D18S1093           62.84            78.91            47.50
                              0.00             0.00             0.00
   80 AFMa083xe5  D18S1160           62.84            78.91            47.50
                              0.55             1.10             0.00
   81 AFM248te1   D18S67             63.39            80.01            47.50
                              0.00             0.00             0.00
   82 Mfd302      D18S811            63.39            80.01            47.50
                              1.09             2.19             0.00
   83 AFM116ye9   D18S468            64.48            82.20            47.50
                              0.00             0.00             0.00
   84 GATA13      D18S535            64.48            82.20            47.50
                              0.00             0.00             0.00
   85 AFMb073xa5  D18S1120           64.48            82.20            47.50
                              0.00             0.00             0.00
   86 GATA28D12   D18S865            64.48            82.20            47.50
                              0.00             0.00             0.00
   87 AFM240ve5   D18S1130           64.48            82.20            47.50
                              0.00             0.00             0.00
   88 AFMa074yd9  D18S1157           64.48            82.20            47.50
                              0.00             0.00             0.00
   89 AFM157xa1   D18S1096           64.48            82.20            47.50
                              0.00             0.00             0.00
   90 ATA26E01    D18S860            64.48            82.20            47.50
                              0.00             0.00             0.00
   91 AFM298wf9   D18S475            64.48            82.20            47.50
                              2.18             1.14             1.06
   92 AFM147yf2   D18S1094           66.66            83.34            48.56
                              0.00             2.17             0.00
   93 GATA81H03   Unknown            66.66            85.51            48.56
                              0.00             0.00             0.00
   94 GATA4H06    D18S548            66.66            85.51            48.56
                              0.00             0.00             0.00
   95 GATA51F08   D18S872            66.66            85.51            48.56
                              0.00             0.00             0.00
   96 AFMa339xb9  D18S1111           66.66            85.51            48.56
                              0.00             0.00             0.00
   97 AFMb340yd9  D18S1136           66.66            85.51            48.56
                              0.00             0.00             0.00
   98 AFM359tb9   D18S1143           66.66            85.51            48.56
                              0.00             0.00             0.00
   99 AFMa048yg5  D18S1145           66.66            85.51            48.56
                              0.00             0.00             0.00
  100 AFMb292zg9  D18S1123           66.66            85.51            48.56
                              0.00             0.00             0.00
  101 AFM217ya9   D18S454            66.66            85.51            48.56
                              0.00             0.00             0.00
  102 AFM256vd5   D18S72             66.66            85.51            48.56
                              0.00             0.00             0.00
  103 AFM240vh6   D18S65             66.66            85.51            48.56
                              0.55             1.11             0.00
  104 AFM240xa7   D18S460            67.21            86.62            48.56
                              1.09             2.20             0.00
  105 GATA73D05   D18S970            68.30            88.82            48.56
                              0.00             0.00             0.00
  106 AFM119ya5   D18S1159           68.30            88.82            48.56
                              0.61             1.30             0.00
  107 AFM191vc7   D18S450            68.91            90.12            48.56
                              0.00             0.00             0.00
  108 AFMb355yg1  D18S1137           68.91            90.12            48.56
                              0.00             0.00             0.00
  109 AFM070yd11  D18S455            68.91            90.12            48.56
                              0.00             0.00             0.00
  110 AFM107xh6   D18S467            68.91            90.12            48.56
                              0.00             0.00             0.00
  111 AFMb043wg1  D18S1118           68.91            90.12            48.56
                              1.80             3.91             0.00
  112 AFMb306xa9  D18S1126           70.71            94.03            48.56
                              0.29             0.79             0.00
  113 ATA33B11    Unknown            71.00            94.82            48.56
                              0.32             0.52             0.00
  114 Mfd273      D18S363            71.32            95.34            48.56
                              0.00             0.00             0.00
  115 ATA5B08     D18S845            71.32            95.34            48.56
                              0.00             0.00             0.00
  116 AFM292wg1   D18S473            71.32            95.34            48.56
                              0.00             0.00             0.00
  117 AFM312vc5   D18S479            71.32            95.34            48.56
                              0.00             0.00             0.00
  118 AFM276za9   D18S470            71.32            95.34            48.56
                              0.00             0.00             0.00
  119 AFM198tc1   D18S1110           71.32            95.34            48.56
                              0.00             0.00             0.00
  120 AFM284ve1   D18S472            71.32            95.34            48.56
                              0.00             0.00             0.00
  121 AFM295xh1   D18S474            71.32            95.34            48.56
                              0.00             0.00             0.00
  122 AFMa203yf9  D18S1099           71.32            95.34            48.56
                              3.61             0.36             3.20
  123 GATA06      Unknown            74.93            95.70            51.76
                              0.00             0.30             0.00
* 124 GATA3G05    D18S539            74.93            96.00            51.76
                              0.00             2.01             0.00
  125 AFMa066wb1  D18S1156           74.93            98.01            51.76
                              0.00             2.68             0.00
  126 AFM326tc9   D18S484            74.93           100.69            51.76
                              1.22             0.00             1.07
  127 AFM344ta9   D18S487            76.15           100.69            52.83
                              1.21             1.32             1.07
  128 AFM057xb4   D18S1127           77.36           102.01            53.90
                              0.00             0.00             0.00
  129 GAAT1E07    D18S846            77.36           102.01            53.90
                              0.00             0.00             0.00
  130 Mfd193      D18S39             77.36           102.01            53.90
                              0.00             0.00             0.00
  131 Mfd32       D18S35             77.36           102.01            53.90
                              0.00             0.00             0.00
  132 Mfd261      D18S364            77.36           102.01            53.90
                              0.00             0.00             0.00
  133 AFMb072wf5  D18S1119           77.36           102.01            53.90
                              0.00             0.00             0.00
  134 AFM248yf1   D18S69             77.36           102.01            53.90
                              3.05             2.63             3.23
  135 ATA23G05    D18S858            80.41           104.64            57.13
                              0.00             0.00             0.00
  136 AFMa054yg5  D18S1152           80.41           104.64            57.13
                              0.92             2.00             0.00
  137 UT577       D18S381            81.33           106.64            57.13
                              0.92             2.01             0.00
  138 AFMb026ya9  D18S1117           82.25           108.65            57.13
                              0.00             0.00             0.00
  139 AFMa043xg1  D18S1144           82.25           108.65            57.13
                              0.61             1.33             0.00
  140 UT651       D18S383            82.86           109.98            57.13
                              0.60             1.28             0.00
  141 AFMa065ye9  D18S1155           83.46           111.26            57.13
                              0.00             0.00             0.00
  142 AFMa239ye9  D18S1103           83.46           111.26            57.13
                              0.00             0.00             0.00
  143 AFMb317zc1  D18S1129           83.46           111.26            57.13
                              1.34             1.50             0.39
  144 AFMa337wc9  D18S1109           84.80           112.76            57.52
                              0.00             0.00             0.69
  145 AFM212xg5   D18S64             84.80           112.76            58.21
                              3.82             7.30             0.29
  146 Mfd153      D18S38             88.62           120.06            58.50
                              0.00             0.00             0.79
  147 ATA7D07     D18S1357           88.62           120.06            59.29
                              0.00             0.00             0.00
  148 AFMb330zc5  D18S1134           88.62           120.06            59.29
                              1.98             1.49             2.16
  149 AFMa049ze5  D18S1147           90.60           121.55            61.45
                              0.00             0.00             0.00
  150 AFMa052va9  D18S1148           90.60           121.55            61.45
                              1.02             2.95             0.00
  151 AFM178xe3   D18S60             91.62           124.50            61.45
                              3.84             2.98             3.90
  152 UT574       D18S51             95.46           127.48            65.35
                              1.02             1.98             0.00
  153 AFM122xc1   D18S55             96.48           129.46            65.35
                              0.00             0.00             0.00
* 154 GATA175B10  Unknown            96.48           129.46            65.35
                              0.00             0.00             0.00
  155 AFM248yb9   D18S68             96.48           129.46            65.35
                              0.64             0.00             1.29
  156 AFM326zd5   D18S1142           97.12           129.46            66.64
                              0.00             0.00             0.00
  157 AFM200vg9   D18S1113           97.12           129.46            66.64
                              0.00             0.00             0.00
  158 UT754       D18S386            97.12           129.46            66.64
                              0.00             0.00             0.00
  159 UT2039      D18S392            97.12           129.46            66.64
                              0.00             0.00             0.00
  160 GATA69F01   D18S969            97.12           129.46            66.64
                              1.92             2.54             0.99
  161 AFM324wc9   D18S483            99.04           132.00            67.63
                              0.00             0.00             0.31
  162 GATA198A02  Unknown            99.04           132.00            67.94
                              0.00             0.00             0.00
  163 ATA23B08    D18S857            99.04           132.00            67.94
                              0.00             0.00             0.00
  164 GATA52H04   D18S875            99.04           132.00            67.94
                              0.00             0.00             0.42
* 165 GATA2E08    Unknown            99.04           132.00            68.36
                              0.27             0.24             0.42
* 166 UT600       D18S382            99.31           132.24            68.78
                              0.25             0.13             0.55
  167 UT6365      D18S817            99.56           132.37            69.33
                              0.29             0.18             0.61
  168 UT575       D18S346            99.85           132.55            69.94
                              0.26             0.16             0.44
  169 AFM260yh1   D18S465           100.11           132.71            70.38
                              0.63             0.57             0.82
  170 AFM301xf5   D18S477           100.74           133.28            71.20
                              2.29             3.44             0.00
* 171 GATA92C08   D18S979           103.03           136.72            71.20
                              1.14             1.72             0.00
  172 GATA7G11    Unknown           104.17           138.44            71.20
                              0.00             0.00             0.00
  173 AFM094ye5   D18S466           104.17           138.44            71.20
                              0.86             0.00             2.15
  174 AFMb326xg9  D18S1131          105.03           138.44            73.35
                              0.00             0.00             0.00
  175 GATA171A12  Unknown           105.03           138.44            73.35
                              0.00             0.00             0.00
  176 AFMa112we9  D18S1092          105.03           138.44            73.35
                              0.00             0.00             0.00
  177 AFM193yf8   D18S61            105.03           138.44            73.35
                              0.89             1.92             0.00
  178 UT1227      D18S390           105.92           140.36            73.35
                              0.00             0.00             0.00
  179 UT1438      D18S815           105.92           140.36            73.35
                              0.00             0.00             0.00
  180 AFMb304yb9  D18S1125          105.92           140.36            73.35
                              0.89             1.91             0.00
* 181 GATA27H10   D18S848           106.81           142.27            73.35
                              0.00             0.00             0.00
  182 ATA82B02    Unknown           106.81           142.27            73.35
                              0.00             0.00             0.00
  183 AFM344zf1   D18S488           106.81           142.27            73.35
                              0.00             0.00             0.00
  184 AFM330yd9   D18S485           106.81           142.27            73.35
                              0.00             0.00             0.00
  185 GATA10A09   D18S541           106.81           142.27            73.35
                              0.00             0.00             0.00
  186 GATA141A08  Unknown           106.81           142.27            73.35
                              0.00             0.00             0.00
  187 AFM038xd8   D18S1106          106.81           142.27            73.35
                              0.59             1.31             0.00
  188 AFMa112wb5  D18S1091          107.40           143.58            73.35
                              0.60             1.26             0.00
  189 D18S43      D18S43            108.00           144.84            73.35
                              0.00             0.00             0.00
* 190 GATA114F07  Unknown           108.00           144.84            73.35
                              1.18             0.73             1.08
  191 AFM116yg11  D18S469           109.18           145.57            74.43
                              0.00             0.10             0.00
  192 GATA52A09   D18S874           109.18           145.67            74.43
                              0.00             0.45             0.00
  193 GATA51E05   Unknown           109.18           146.12            74.43
                              2.02             3.12             0.57
  194 AFM164xe3   D18S58            111.20           149.24            75.00
                              0.00             0.00             0.51
  195 AFM333wd5   D18S486           111.20           149.24            75.51
                              0.00             0.00             0.00
  196 GATA8C07    Unknown           111.20           149.24            75.51
                              0.93             0.62             0.90
  197 UT576       D18S380           112.13           149.86            76.41
                              2.13             3.27             1.28
  198 AFMa085yf1  D18S1161          114.26           153.13            77.69
                              1.63             1.10             2.17
  199 AFMa350wh5  D18S1112          115.89           154.23            79.86
                              0.00             0.00             0.00
  200 AFMb077zd1  D18S1121          115.89           154.23            79.86
                              0.00             0.00             0.00
  201 GATA177C03  D18S1371          115.89           154.23            79.86
                              0.55             1.09             0.00
  202 ATA1H06     D18S844           116.44           155.32            79.86
                              0.00             0.00             0.00
  203 UT7934      D18S821           116.44           155.32            79.86
                              0.00             0.00             0.00
  204 AFMa037zc9  D18S1009          116.44           155.32            79.86
                              2.40             1.08             3.67
  205 AFM029xc9   D18S1097          118.84           156.40            83.53
                              0.60             0.00             1.23
  206 AFM296wd5   D18S554           119.44           156.40            84.76
                              0.61             0.00             1.23
  207 GATA51F05   D18S871           120.05           156.40            85.99
                              0.00             0.00             0.00
  208 AFM079xb3   D18S462           120.05           156.40            85.99
                              0.00             0.00             0.00
  209 AFM240yd2   D18S461           120.05           156.40            85.99
                              0.00             0.00             0.00
  210 AFMb015xf5  D18S1115          120.05           156.40            85.99
                              2.56             0.00             5.26
  211 ATA38G09    Unknown           122.61           156.40            91.25
                              0.00             0.00             0.00
  212 AFMb080zf9  D18S1122          122.61           156.40            91.25
                              1.50             0.00             2.97
  213 AFM297yh9   D18S1141          124.11           156.40            94.22
                              0.00             0.00             0.00
  214 AFMa131wh5  D18S1095          124.11           156.40            94.22
                              1.89             0.00             3.27
  215 AFM254vd5   D18S70            126.00           156.40            97.49
                              0.00             0.00             0.00
  216 18QTEL11    D18S1390          126.00           156.40            97.49
