      Marker      Dnumber      sex-ave(cM)      female(cM)        male(cM)

    1 AFM303xd9   D12S352             0.00             0.00             0.00
                              0.62             0.00             1.22
    2 AFM294yd9   D12S341             0.62             0.00             1.22
                              0.55             0.00             1.09
    3 AFM206ze5   D12S94              1.17             0.00             2.31
                              0.54             0.00             1.09
    4 AFM142xc7   D12S1587            1.71             0.00             3.40
                              0.00             0.00             0.00
    5 M758B6-1    D12S389             1.71             0.00             3.40
                              0.00             0.00             0.00
    6 M758B6-21   D12S389             1.71             0.00             3.40
                              0.00             0.00             0.00
    7 GATA101G01  Unknown             1.71             0.00             3.40
                              0.00             0.00             0.00
    8 AFM182xf10  D12S91              1.71             0.00             3.40
                              1.08             0.00             2.15
    9 AFMb292we5  D12S1656            2.79             0.00             5.55
                              0.00             0.00             0.00
   10 AFMa197wa9  D12S1608            2.79             0.00             5.55
                              0.54             0.00             1.08
   11 AFM318zh1   D12S1694            3.33             0.00             6.63
                              0.00             0.00             0.00
   12 AFMb012yb5  D12S1642            3.33             0.00             6.63
                              0.00             0.00             0.00
   13 AFM220zc7   D12S100             3.33             0.00             6.63
                              0.00             0.00             0.00
   14 AFM282xe9   D12S1689            3.33             0.00             6.63
                              1.31             1.08             1.50
   15 AFMa216xf1  D12S1615            4.64             1.08             8.13
                              1.78             1.08             2.43
*  16 GATA4H03    D12S372             6.42             2.16            10.56
                              0.70             0.00             1.55
   17 GATA22H02   D12S1050            7.12             2.16            12.11
                              0.00             0.00             0.00
   18 AFM234wb6   D12S1664            7.12             2.16            12.11
                              0.00             0.00             0.00
   19 AFMa247zd1  D12S1626            7.12             2.16            12.11
                              0.55             0.00             1.11
   20 AFMc007xh9  D12S1685            7.67             2.16            13.22
                              0.00             0.00             0.00
   21 AFMb070xg1  D12S1652            7.67             2.16            13.22
                              1.85             2.14             1.34
   22 AFMa084wf1  D12S1725            9.52             4.30            14.56
                              1.85             0.00             4.03
   23 AFM207xf8   D12S314            11.37             4.30            18.59
                              1.23             1.07             1.35
   24 AFM217xa7   D12S99             12.60             5.37            19.94
                              0.00             0.00             0.00
   25 AFMb329zd9  D12S1673           12.60             5.37            19.94
                              0.00             0.00             0.00
   26 AFM248xc5   D12S328            12.60             5.37            19.94
                              0.00             0.00             0.00
   27 AFM205ve5   D12S93             12.60             5.37            19.94
                              0.00             0.00             0.00
   28 AFM182xh8   D12S1624           12.60             5.37            19.94
                              0.00             0.00             0.00
   29 AFM154xd4   D12S1594           12.60             5.37            19.94
                              1.63             2.14             1.11
   30 VWF         Unknown            14.23             7.51            21.05
                              0.00             0.00             0.00
   31 UT933       D12S808            14.23             7.51            21.05
                              0.00             0.00             0.00
   32 vwf1        Unknown            14.23             7.51            21.05
                              0.00             0.00             0.00
   33 vwf2        Unknown            14.23             7.51            21.05
                              0.00             0.00             0.00
   34 vwft        Unknown            14.23             7.51            21.05
                              0.00             0.00             0.00
   35 AFM309zf9   D12S356            14.23             7.51            21.05
                              0.00             0.00             0.00
   36 GATA7F09    D12S374            14.23             7.51            21.05
                              0.00             0.00             0.00
   37 Mfd92A      F8VWF              14.23             7.51            21.05
                              1.46             0.88             2.23
   38 AFMa240zf5  D12S1623           15.69             8.39            23.28
                              0.73             0.19             1.12
   39 AFMa247yc9  D12S1625           16.42             8.58            24.40
                              0.00             0.53             0.00
   40 CD4         Unknown            16.42             9.11            24.40
                              1.30             0.54             2.23
   41 GATA49D12   Unknown            17.72             9.65            26.63
                              0.00             0.00             0.00
   42 GATA151H05  Unknown            17.72             9.65            26.63
                              0.00             0.00             0.00
   43 GATA8A09    D12S397            17.72             9.65            26.63
                              1.96             3.20             0.00
   44 273zc9      D12S336            19.68            12.85            26.63
                              0.00             0.00             0.00
   45 AFM321wf1   D12S1695           19.68            12.85            26.63
                              0.00             0.00             0.00
   46 C1R         Unknown            19.68            12.85            26.63
                              0.59             1.20             0.00
   47 AFM026tb5   D12S77             20.27            14.05            26.63
                              0.00             0.00             0.00
   48 AFMb330xe1  D12S1674           20.27            14.05            26.63
                              0.00             0.00             0.00
   49 AFM311vc1   D12S1690           20.27            14.05            26.63
                              0.00             0.00             0.00
   50 GATA184E08  Unknown            20.27            14.05            26.63
                              0.00             0.00             0.00
   51 GATA167A06  Unknown            20.27            14.05            26.63
                              0.00             0.00             1.12
   52 AFM324xb5   D12S1696           20.27            14.05            27.75
                              3.14             3.03             1.11
   53 AFM164ta5   D12S89             23.41            17.08            28.86
                              1.04             3.03             0.00
   54 AFM333wb5   D12S1697           24.45            20.11            28.86
                              0.00             0.00             0.00
   55 AFM211wb6   D12S98             24.45            20.11            28.86
                              1.78             2.40             1.11
   56 GATA11H08   D12S391            26.23            22.51            29.97
                              0.00             0.00             0.00
   57 AFM320xb5   D12S358            26.23            22.51            29.97
                              3.50             5.69             1.11
   58 AFM147yb8   D12S1581           29.73            28.20            31.08
                              0.00             0.00             0.00
   59 UT6136      D12S827            29.73            28.20            31.08
                              0.87             1.88             0.00
   60 AFM345we1   D12S364            30.60            30.08            31.08
                              0.00             0.00             0.00
   61 AFMb320va9  D12S1580           30.60            30.08            31.08
                              0.00             0.00             0.00
   62 AFM073wh7   D12S320            30.60            30.08            31.08
                              0.00             0.00             0.00
   63 Mfd259      D12S269            30.60            30.08            31.08
                              0.62             0.00             1.12
   64 GATA189A07  Unknown            31.22            30.08            32.20
                              0.00             0.90             0.00
   65 AFM198yf6   D12S308            31.22            30.98            32.20
                              1.26             0.71             1.12
   66 Mfd129A     D12S62             32.48            31.69            33.32
                              0.00             0.00             0.00
   67 GGAT12A03   D12S1303           32.48            31.69            33.32
                              2.37             1.61             3.00
   68 AFMa099wg1  D12S1728           34.85            33.30            36.32
                              0.67             0.00             1.50
   69 AFMa065xe5  D12S1715           35.52            33.30            37.82
                              0.54             0.00             1.10
   70 AFM189yh4   D12S1630           36.06            33.30            38.92
                              0.00             0.00             0.00
   71 AFM205xg3   D12S310            36.06            33.30            38.92
                              0.00             0.00             0.00
   72 UT2022      D12S301            36.06            33.30            38.92
                              0.00             0.00             0.00
   73 AFMb320xe9  D12S1669           36.06            33.30            38.92
                              0.00             0.00             0.00
   74 AFM337zg5   D12S363            36.06            33.30            38.92
                              0.00             0.00             0.00
   75 D12S54-2    D12S54             36.06            33.30            38.92
                              0.00             0.00             0.00
   76 GATA6C01    D12S373            36.06            33.30            38.92
                              0.00             0.00             0.00
   77 AFM026wh7   D12S1595           36.06            33.30            38.92
                              0.00             0.00             0.00
   78 UT640       D12S802            36.06            33.30            38.92
                              2.44             3.88             0.78
   79 AFMb057xg5  D12S1650           38.50            37.18            39.70
                              0.00             0.00             0.29
   80 AFMb361zh5  D12S1682           38.50            37.18            39.99
                              3.05             3.88             2.13
   81 GATA65A04   D12S1066           41.55            41.06            42.12
                              0.00             0.00             0.00
   82 UT551       D12S799            41.55            41.06            42.12
                              0.00             0.00             0.00
   83 AFMb291wd5  D12S1654           41.55            41.06            42.12
                              0.55             0.00             1.07
   84 GATA91H01   Unknown            42.10            41.06            43.19
                              0.00             0.00             0.00
   85 AFMc027zd1  D12S1688           42.10            41.06            43.19
                              0.64             1.39             0.00
   86 AFM163xb12  D12S1606           42.74            42.45            43.19
                              0.64             1.38             0.00
   87 AFMa119xe5  D12S1591           43.38            43.83            43.19
                              0.65             0.00             1.07
   88 AFMa223yg1  D12S1617           44.03            43.83            44.26
                              0.00             0.00             0.00
   89 GATA42B05   D12S1057           44.03            43.83            44.26
                              1.92             2.78             0.28
   90 UT5561      D12S823            45.95            46.61            44.54
                              0.00             0.00             0.27
   91 ATA14G01    D12S1034           45.95            46.61            44.81
                              0.00             0.00             0.52
   92 AFM154ye5   D12S1596           45.95            46.61            45.33
                              2.75             5.60             0.00
*  93 GATA87E09   Unknown            48.70            52.21            45.33
                              0.00             0.00             0.00
   94 ATA27A06    D12S1042           48.70            52.21            45.33
                              0.00             0.00             0.00
   95 AFMb002xg5  D12S1640           48.70            52.21            45.33
                              2.20             4.47             0.00
   96 UT553       D12S290            50.90            56.68            45.33
                              0.00             0.00             0.00
   97 GATA70C08   D12S1292           50.90            56.68            45.33
                              0.00             0.00             0.00
   98 AFMa047wf1  D12S1704           50.90            56.68            45.33
                              0.00             0.00             0.00
   99 AFMa288wd5  D12S1631           50.90            56.68            45.33
                              0.00             0.00             0.00
  100 AFMb013yb1  D12S1643           50.90            56.68            45.33
                              1.09             2.20             0.00
  101 AFM136xf6   D12S1584           51.99            58.88            45.33
                              0.00             0.00             0.00
  102 AFM135xe3   D12S87             51.99            58.88            45.33
                              0.00             0.00             0.00
  103 AFM265zb1   D12S333            51.99            58.88            45.33
                              0.00             0.00             0.00
  104 GATA30A07   D12S1053           51.99            58.88            45.33
                              0.00             0.00             0.00
  105 AFM337tf5   D12S1698           51.99            58.88            45.33
                              0.00             0.00             0.00
  106 Mfd114A     D12S61             51.99            58.88            45.33
                              0.00             0.00             0.00
  107 AFMb360yb9  D12S1681           51.99            58.88            45.33
                              0.21             0.44             0.00
  108 AFMa239zc9  D12S1621           52.20            59.32            45.33
                              0.34             0.66             0.00
  109 ATA73C05    Unknown            52.54            59.98            45.33
                              0.00             0.00             0.00
  110 AFMb041xb9  D12S1648           52.54            59.98            45.33
                              0.55             1.10             0.00
  111 AFM296yg5   D12S345            53.09            61.08            45.33
                              0.19             0.00             0.28
  112 AFM318wa5   D12S1692           53.28            61.08            45.61
                              0.36             0.00             0.78
  113 GATA63D01   Unknown            53.64            61.08            46.39
                              0.82             1.66             0.00
  114 AFM092wd11  D12S331            54.46            62.74            46.39
                              0.83             1.65             0.00
  115 AFMb320wd9  D12S1668           55.29            64.39            46.39
                              0.21             0.37             0.00
* 116 GATA123B12  Unknown            55.50            64.76            46.39
                              0.24             0.54             0.00
  117 AFMc018ye9  D12S1687           55.74            65.30            46.39
                              0.25             0.51             0.00
  118 Mfd75A      D12S59             55.99            65.81            46.39
                              0.18             0.32             0.00
  119 UT554       D12S291            56.17            66.13            46.39
                              0.08             0.25             0.00
  120 GATA91H06   Unknown            56.25            66.38            46.39
                              0.13             0.23             0.00
  121 AFMb283xh5  D12S1653           56.38            66.61            46.39
                              0.00             0.00             0.00
  122 ATA29H01    D12S1048           56.38            66.61            46.39
                              0.00             0.00             0.00
  123 AFMa119vb5  D12S1589           56.38            66.61            46.39
                              0.00             0.00             0.00
  124 AFMa124xd1  D12S1592           56.38            66.61            46.39
                              0.00             0.00             0.00
  125 GATA5A09    D12S1090           56.38            66.61            46.39
                              0.00             0.00             0.00
  126 AFMb316xd9  D12S1663           56.38            66.61            46.39
                              4.96             7.56             2.13
  127 AFM122xf6   D12S85             61.34            74.17            48.52
                              0.00             0.00             0.00
  128 AFM108xb4   D12S1713           61.34            74.17            48.52
                              1.20             2.86             0.00
  129 AFM345xf1   D12S1701           62.54            77.03            48.52
                              1.35             2.70             0.00
  130 AFMb314yh5  D12S1661           63.89            79.73            48.52
                              0.00             0.00             0.00
* 131 GATA137B11  Unknown            63.89            79.73            48.52
                              0.54             0.00             1.07
  132 AFM294wc5   D12S339            64.43            79.73            49.59
                              0.00             0.00             0.00
  133 AFMa274yf9  D12S1627           64.43            79.73            49.59
                              0.00             0.00             0.00
  134 AFM175xf8   D12S1620           64.43            79.73            49.59
                              0.00             0.00             0.00
  135 AFMa119wh5  D12S1590           64.43            79.73            49.59
                              0.53             1.07             0.00
  136 UT5046      D12S813            64.96            80.80            49.59
                              0.00             0.00             0.00
  137 UT5029      D12S297            64.96            80.80            49.59
                              0.00             0.00             0.00
  138 AFM196xa3   D12S1635           64.96            80.80            49.59
                              0.00             0.00             0.00
  139 AFM331th9   D12S361            64.96            80.80            49.59
                              0.53             0.00             1.06
  140 AFMa289yg1  D12S1633           65.49            80.80            50.65
                              0.00             0.00             0.00
  141 AFM298zb1   D12S347            65.49            80.80            50.65
                              0.00             0.00             0.00
  142 AFMa283yg1  D12S1629           65.49            80.80            50.65
                              0.00             0.00             0.00
  143 AFMb347vb9  D12S1677           65.49            80.80            50.65
                              0.54             1.06             0.00
  144 AFMa060ye9  D12S1712           66.03            81.86            50.65
                              0.00             0.00             0.00
  145 AFMa128yd5  D12S368            66.03            81.86            50.65
                              1.60             3.21             0.00
  146 GATA11B02   D12S390            67.63            85.07            50.65
                              0.00             0.00             0.00
  147 Mfd305      D12S270            67.63            85.07            50.65
                              0.00             0.00             0.00
  148 UT641       D12S803            67.63            85.07            50.65
                              0.53             0.00             1.07
  149 AFMa224yg1  D12S1618           68.16            85.07            51.72
                              0.00             0.00             0.00
  150 AFM329zh9   D12S359            68.16            85.07            51.72
                              0.00             0.00             0.00
  151 AFM207yh10  D12S96             68.16            85.07            51.72
                              0.00             0.00             0.00
  152 GGAT2G06    D12S398            68.16            85.07            51.72
                              1.07             2.14             0.00
  153 AFMb069we9  D12S1651           69.23            87.21            51.72
                              0.00             0.00             0.00
  154 AFM234tf12  D12S325            69.23            87.21            51.72
                              0.00             0.00             0.00
  155 AFMa189yd9  D12S1604           69.23            87.21            51.72
                              0.00             0.00             0.00
  156 AFMa110xg1  D12S1586           69.23            87.21            51.72
                              0.00             0.00             0.00
  157 249vf9      D12S103            69.23            87.21            51.72
                              0.59             1.28             0.00
  158 AFMa053yh9  D12S1707           69.82            88.49            51.72
                              0.00             0.00             0.00
  159 ATA18B05    Unknown            69.82            88.49            51.72
                              0.00             0.00             0.00
  160 AFMa083yc9  D12S1724           69.82            88.49            51.72
                              0.00             0.00             0.64
  161 AFMa240xg9  D12S1622           69.82            88.49            52.36
                              1.79             1.29             0.43
  162 AFM172xd8   D12S90             71.61            89.78            52.79
                              0.00             1.29             0.00
  163 AFMa289xd9  D12S1632           71.61            91.07            52.79
                              0.00             0.00             0.00
  164 AFM207va9   D12S312            71.61            91.07            52.79
                              0.59             1.29             0.00
  165 AFMb019wb9  D12S1644           72.20            92.36            52.79
                              0.00             0.00             0.00
  166 AFM312xf5   D12S1691           72.20            92.36            52.79
                              2.38             2.56             1.05
  167 AFM259zc9   D12S104            74.58            94.92            53.84
                              0.00             0.00             1.09
  168 AFM184yf2   D12S305            74.58            94.92            54.93
                              0.00             0.00             0.00
  169 AFM249xh9   D12S329            74.58            94.92            54.93
                              0.00             0.00             0.00
  170 GAAT1D02    D12S1022           74.58            94.92            54.93
                              0.00             0.00             0.00
  171 UT1207      D12S298            74.58            94.92            54.93
                              0.00             0.00             0.00
  172 AFM309xh1   D12S355            74.58            94.92            54.93
                              0.59             1.28             0.00
  173 GATA71A08   Unknown            75.17            96.20            54.93
                              0.00             0.00             0.00
  174 AFMa084xg9  D12S1726           75.17            96.20            54.93
                              0.00             0.00             0.00
  175 GCT6E07     D12S1072           75.17            96.20            54.93
                              0.00             0.00             0.00
  176 GATA41A11   D12S1056           75.17            96.20            54.93
                              0.00             0.00             0.00
  177 AFM112yf4   D12S83             75.17            96.20            54.93
                              0.00             0.00             0.00
  178 AFMb291yd5  D12S1655           75.17            96.20            54.93
                              0.00             0.00             0.00
  179 AFMb315za9  D12S1662           75.17            96.20            54.93
                              0.00             0.00             0.00
  180 238yb10     D12S102            75.17            96.20            54.93
                              0.00             0.00             0.00
  181 AFMa154xc9  D12S1601           75.17            96.20            54.93
                              0.00             0.00             0.00
  182 GGAT1D12    Unknown            75.17            96.20            54.93
                              0.00             0.00             0.00
  183 GATA81H10   Unknown            75.17            96.20            54.93
                              0.00             0.00             0.00
  184 AFM269ye1   D12S334            75.17            96.20            54.93
                              0.59             0.00             1.07
  185 AFMa204xf9  D12S1610           75.76            96.20            56.00
                              0.00             0.00             0.00
  186 AFM338tc5   D12S1700           75.76            96.20            56.00
                              0.00             0.00             0.00
  187 AFMa108we1  D12S1585           75.76            96.20            56.00
                              0.60             0.00             1.06
  188 AFMb043wd1  D12S1649           76.36            96.20            57.06
                              0.00             0.00             0.00
  189 AFMc014wg1  D12S1686           76.36            96.20            57.06
                              0.00             0.00             0.00
  190 Mfd244      D12S75             76.36            96.20            57.06
                              0.89             0.00             2.14
  191 AFM350tc9   D12S1702           77.25            96.20            59.20
                              0.89             0.66             0.00
* 192 GATA67G01   D12S1291           78.14            96.86            59.20
                              0.00             0.63             0.00
  193 AFM273vg9   D12S335            78.14            97.49            59.20
                              0.60             1.29             0.00
  194 AFMb341wd5  D12S1676           78.74            98.78            59.20
                              1.19             2.58             0.00
  195 GATA69B02   Unknown            79.93           101.36            59.20
                              0.00             0.00             0.00
  196 AFM207xf2   D12S313            79.93           101.36            59.20
                              0.59             0.00             1.06
  197 Mfd84       D12S43             80.52           101.36            60.26
                              0.00             0.00             0.00
  198 ATA18D04    D12S1036           80.52           101.36            60.26
                              0.00             0.00             0.00
* 199 AFMa049xf5  D12S1705           80.52           101.36            60.26
                              0.00             0.00             0.00
  200 AFMb352yf5  D12S1680           80.52           101.36            60.26
                              0.00             0.00             0.00
  201 GATA3F02    D12S375            80.52           101.36            60.26
                              0.53             1.07             0.00
  202 AFMa044xa5  D12S1703           81.05           102.43            60.26
                              1.07             1.08             1.07
  203 AFMa082zb5  D12S1722           82.12           103.51            61.33
                              0.00             0.00             0.55
  204 GATA134C11  Unknown            82.12           103.51            61.88
                              1.07             1.07             0.52
* 205 GATA194G07  Unknown            83.19           104.58            62.40
                              0.00             0.00             0.00
  206 UT1247      D12S299            83.19           104.58            62.40
                              0.00             0.00             0.00
  207 AFM203va7   D12S92             83.19           104.58            62.40
                              0.00             0.00             0.00
  208 ATA23D02    D12S1040           83.19           104.58            62.40
                              0.00             0.00             0.00
  209 GATA26D02   D12S1052           83.19           104.58            62.40
                              0.00             0.00             0.00
  210 AFM102xd6   D12S80             83.19           104.58            62.40
                              0.00             0.00             0.00
  211 AFMa060xh5  D12S1711           83.19           104.58            62.40
                              0.54             1.07             0.00
  212 AFMb314yc5  D12S1660           83.73           105.65            62.40
                              0.00             0.00             0.00
  213 GATA5F06    D12S376            83.73           105.65            62.40
                              0.00             0.00             0.00
  214 AFM296xd9   D12S344            83.73           105.65            62.40
                              2.67             3.21             2.14
  215 AFM302wb9   D12S350            86.40           108.86            64.54
                              0.00             0.00             0.00
  216 AFMc003xg1  D12S1684           86.40           108.86            64.54
                              0.00             0.00             0.00
  217 AFM238wa1   D12S326            86.40           108.86            64.54
                              0.00             0.00             0.00
  218 GATA52B01   Unknown            86.40           108.86            64.54
                              0.00             0.00             0.00
  219 AFM283wf9   D12S337            86.40           108.86            64.54
                              0.00             0.00             0.00
  220 AFMa058xh1  D12S1709           86.40           108.86            64.54
                              3.02             3.77             3.20
  221 Mfd155A     D12S64             89.42           112.63            67.74
                              1.35             0.14             0.00
  222 AFM262zd9   D12S106            90.77           112.77            67.74
                              0.69             3.73             0.00
  223 AFMa054xf1  D12S1708           91.46           116.50            67.74
                              0.00             0.00             0.00
  224 GATA81H07   D12S1297           91.46           116.50            67.74
                              0.00             0.00             0.00
  225 UT5627      D12S824            91.46           116.50            67.74
                              1.43             0.00             2.13
  226 AFMb320vd1  D12S1667           92.89           116.50            69.87
                              0.00             0.31             0.00
  227 AFMb321wc5  D12S1670           92.89           116.81            69.87
                              0.80             0.76             0.00
  228 AFM102xg9   D12S81             93.69           117.57            69.87
                              0.00             0.00             0.00
  229 GATA4B09    D12S379            93.69           117.57            69.87
                              0.80             0.00             2.13
  230 AFM337zh1   D12S1699           94.49           117.57            72.00
                              0.00             0.00             0.00
  231 AFM206yc1   D12S311            94.49           117.57            72.00
                              0.00             0.00             0.00
  232 AFMa074wd1  D12S1719           94.49           117.57            72.00
                              0.00             0.00             0.00
  233 AFM217xd10  D12S319            94.49           117.57            72.00
                              0.00             0.00             0.00
  234 AFM158yb4   D12S88             94.49           117.57            72.00
                              0.00             0.00             0.00
  235 AFM210yc9   D12S316            94.49           117.57            72.00
                              0.00             0.00             0.00
  236 UT633       D12S853            94.49           117.57            72.00
                              0.00             0.00             0.00
  237 GATA41B02   D12S1289           94.49           117.57            72.00
                              0.00             0.00             0.00
  238 AFM345ze5   D12S365            94.49           117.57            72.00
                              0.54             1.07             0.00
  239 AFM107xc11  D12S82             95.03           118.64            72.00
                              0.00             0.00             0.00
  240 AFM144yf6   D12S1593           95.03           118.64            72.00
                              0.00             0.00             0.00
  241 224yf10     D12S323            95.03           118.64            72.00
                              0.00             0.00             0.00
  242 UT2007      D12S819            95.03           118.64            72.00
                              0.00             0.00             0.00
  243 AFMa066yb5  D12S1717           95.03           118.64            72.00
                              0.00             0.00             0.00
  244 AFMa142ze1  D12S1598           95.03           118.64            72.00
                              0.00             0.00             0.00
  245 AFMb347yf1  D12S1678           95.03           118.64            72.00
                              0.00             0.00             0.00
  246 AFMa059yb5  D12S1710           95.03           118.64            72.00
                              0.00             0.00             0.00
  247 GATA63D12   D12S1064           95.03           118.64            72.00
                              0.53             1.06             0.00
  248 AFM302wd9   D12S351            95.56           119.70            72.00
                              0.53             1.07             0.00
  249 AFM077yc1   D12S1345           96.09           120.77            72.00
                              0.00             0.00             0.00
  250 AFM207ve1   D12S95             96.09           120.77            72.00
                              0.00             0.00             0.00
  251 AFM224xf12  D12S322            96.09           120.77            72.00
                              0.00             0.00             0.00
  252 GATA30F04   Unknown            96.09           120.77            72.00
                              0.00             0.00             0.00
  253 GATA31B08   Unknown            96.09           120.77            72.00
                              0.00             0.00             0.00
  254 UT5541      D12S822            96.09           120.77            72.00
                              1.07             2.14             0.00
* 255 ATA44F09    Unknown            97.16           122.91            72.00
                              0.00             0.78             0.00
  256 AFM211xf2   D12S1346           97.16           123.69            72.00
                              0.00             0.14             0.00
  257 UT6393      D12S829            97.16           123.83            72.00
                              0.62             0.15             0.72
  258 AFM248tg1   D12S327            97.78           123.98            72.72
                              2.09             3.60             0.08
  259 AFM336yf9   D12S362            99.87           127.58            72.80
                              1.05             1.82             0.27
  260 AFM299zc5   D12S348           100.92           129.40            73.07
                              0.00             0.00             0.00
  261 AFM234tg11  D12S101           100.92           129.40            73.07
                              0.53             1.07             0.00
  262 AFMa065yd5  D12S1716          101.45           130.47            73.07
                              0.53             0.00             1.06
  263 AFMb293ye5  D12S1657          101.98           130.47            74.13
                              0.00             0.00             0.00
  264 GATA24A01   D12S1051          101.98           130.47            74.13
                              0.00             0.00             0.00
  265 UT2299      D12S302           101.98           130.47            74.13
                              0.00             0.00             0.00
  266 UT5022      D12S296           101.98           130.47            74.13
                              0.00             0.00             0.00
  267 GATA7A02    Unknown           101.98           130.47            74.13
                              0.00             0.00             0.00
  268 AFM199wb10  D12S309           101.98           130.47            74.13
                              2.14             4.27             0.00
  269 AFM094ya9   D12S1706          104.12           134.74            74.13
                              0.00             0.00             0.00
  270 AFMb328xc5  D12S1671          104.12           134.74            74.13
                              0.00             0.00             0.00
* 271 GATA15A03   D12S393           104.12           134.74            74.13
                              0.53             1.06             0.00
  272 UT5463      D12S1336          104.65           135.80            74.13
                              0.00             0.00             0.00
  273 Mfd73A      D12S58            104.65           135.80            74.13
                              0.00             0.00             0.00
  274 GATA62E10   D12S1063          104.65           135.80            74.13
                              0.00             0.00             0.00
  275 AFM298xe5   D12S346           104.65           135.80            74.13
                              0.53             0.00             1.07
  276 AFM198wc3   D12S306           105.18           135.80            75.20
                              0.00             0.00             0.00
  277 AFMa154wg1  D12S1600          105.18           135.80            75.20
                              0.00             0.00             0.00
  278 AFMb002yf5  D12S1641          105.18           135.80            75.20
                              0.00             0.00             0.00
  279 AFM263zd1   D12S332           105.18           135.80            75.20
                              0.00             0.00             0.57
  280 AFMa114yh1  D12S1588          105.18           135.80            75.77
                              0.00             0.00             0.23
* 281 GATA47G01   D12S1059          105.18           135.80            76.00
                              1.34             1.45             0.26
  282 ATA24F01    D12S1041          106.52           137.25            76.26
                              0.67             1.45             0.00
  283 AFMa085xh9  D12S1727          107.19           138.70            76.26
                              0.67             1.44             0.00
  284 AFMa196zg5  D12S1607          107.86           140.14            76.26
                              1.61             2.15             0.28
  285 PAH         Unknown           109.47           142.29            76.54
                              0.00             0.00             0.66
  286 Mfd1        IGF1              109.47           142.29            77.20
                              0.00             0.00             0.13
  287 AFM214xc9   D12S318           109.47           142.29            77.33
                              0.00             0.00             0.00
  288 1GF1        Unknown           109.47           142.29            77.33
                              0.00             0.00             0.00
  289 GATA6H09    D12S1030          109.47           142.29            77.33
                              1.80             3.42             0.00
  290 AFM330yd5   D12S360           111.27           145.71            77.33
                              0.60             1.14             0.00
  291 AFM291wd9   D12S338           111.87           146.85            77.33
                              0.00             0.00             0.00
  292 AFM026tf3   D12S78            111.87           146.85            77.33
                              2.04             1.67             2.70
  293 UT5184      D12S815           113.91           148.52            80.03
                              0.21             0.35             0.02
* 294 UT638       D12S800           114.12           148.87            80.05
                              0.16             0.27             0.02
  295 AFMa141zh1  D12S1597          114.28           149.14            80.07
                              0.00             0.00             0.00
  296 AFM065ye9   D12S317           114.28           149.14            80.07
                              0.00             0.00             0.00
  297 AFMa336xc1  D12S1636          114.28           149.14            80.07
                              0.00             0.00             0.00
  298 AFMb034xf1  D12S1647          114.28           149.14            80.07
                              0.90             1.70             0.00
  299 AFM304wg5   D12S353           115.18           150.84            80.07
                              0.00             0.00             0.00
  300 AFMb362yd9  D12S1683          115.18           150.84            80.07
                              0.90             1.70             0.00
  301 AFM086xd7   D12S330           116.08           152.54            80.07
                              0.00             0.00             0.00
  302 GGAT1A12    D12S1091          116.08           152.54            80.07
                              0.00             0.00             0.00
  303 UT5140      D12S814           116.08           152.54            80.07
                              0.00             0.00             0.00
  304 AFMa205yg9  D12S1613          116.08           152.54            80.07
                              0.00             0.00             0.00
  305 UT2076      D12S1335          116.08           152.54            80.07
                              0.00             0.00             0.00
  306 AFM340xg1   D12S1342          116.08           152.54            80.07
                              0.00             0.00             0.00
  307 ATA63A05    Unknown           116.08           152.54            80.07
                              0.58             0.00             1.21
  308 AFMa191xh9  D12S1605          116.66           152.54            81.28
                              1.15             2.32             0.00
  309 AFMa356wa9  D12S1637          117.81           154.86            81.28
                              0.00             0.00             0.00
  310 AFM116xb8   D12S84            117.81           154.86            81.28
                              0.87             1.16             0.00
  311 AFM240we1   D12S1339          118.68           156.02            81.28
                              0.00             0.00             0.00
  312 ATA88F09    Unknown           118.68           156.02            81.28
                              0.00             0.00             0.00
  313 AFM262xb9   D12S105           118.68           156.02            81.28
                              0.87             0.00             2.44
  314 AFMa128yf1  D12S1343          119.55           156.02            83.72
                              0.00             0.00             0.00
  315 AFMa219zg5  D12S1616          119.55           156.02            83.72
                              0.00             0.00             0.00
  316 AFMa154tc5  D12S1344          119.55           156.02            83.72
                              0.00             0.00             0.00
  317 UT5428      D12S821           119.55           156.02            83.72
                              0.00             0.00             0.00
  318 AFMb329wa5  D12S1672          119.55           156.02            83.72
                              0.00             0.00             0.00
  319 AFM291xe9   D12S1340          119.55           156.02            83.72
                              0.00             0.00             0.00
  320 GAAA1C01    Unknown           119.55           156.02            83.72
                              0.00             0.00             0.00
  321 AFMb023wh5  D12S1645          119.55           156.02            83.72
                              0.00             0.00             0.00
  322 AFMa106wh5  D12S1583          119.55           156.02            83.72
                              1.15             0.00             2.42
  323 UT996       D12S811           120.70           156.02            86.14
                              1.14             2.32             0.00
  324 UT934       D12S809           121.84           158.34            86.14
                              0.00             0.00             0.00
  325 AFMb023yd5  D12S1646          121.84           158.34            86.14
                              1.16             2.26             0.00
  326 AFM312yb1   D12S1341          123.00           160.60            86.14
                              0.33             0.56             0.36
  327 UT6574      D12S832           123.33           161.16            86.50
                              0.44             0.42             0.85
  328 AFM304wh5   D12S354           123.77           161.58            87.35
                              1.54             0.15             1.58
  329 GATA45E11   Unknown           125.31           161.73            88.93
                              0.00             0.00             0.86
  330 AFMb317yg1  D12S1665          125.31           161.73            89.79
                              0.00             0.00             0.00
* 331 GATA27G11   D12S1023          125.31           161.73            89.79
                              0.00             0.00             0.00
* 332 ATA25F09    D12S2070          125.31           161.73            89.79
                              0.00             0.00             0.00
  333 AFMa155tf1  D12S1602          125.31           161.73            89.79
                              0.00             0.00             0.00
  334 AFMa142zc5  D12S369           125.31           161.73            89.79
                              0.00             0.00             0.00
  335 AFM067yc5   D12S79            125.31           161.73            89.79
                              2.74             4.60             0.77
  336 AFMa067we1  D12S1718          128.05           166.33            90.56
                              2.89             4.78             0.77
  337 GGAA22C05   D12S2082          130.94           171.11            91.33
                              2.39             4.58             0.00
  338 AFMa081wa5  D12S1720          133.33           175.69            91.33
                              0.00             0.00             0.00
  339 AFM351tb9   D12S366           133.33           175.69            91.33
                              1.21             1.13             1.54
  340 AFMa225xe5  D12S1619          134.54           176.82            92.87
                              0.00             0.00             0.00
  341 UT1666      D12S817           134.54           176.82            92.87
                              0.00             0.00             0.00
  342 AFM299zd5   D12S349           134.54           176.82            92.87
                              0.00             0.00             0.00
  343 AFM123xh2   D12S86            134.54           176.82            92.87
                              0.60             1.13             0.00
  344 Mfd331      D12S385           135.14           177.95            92.87
                              1.21             1.69             0.00
  345 GATA48B09   Unknown           136.35           179.64            92.87
                              0.47             1.56             0.00
  346 AFM010th7   D12S76            136.82           181.20            92.87
                              0.00             0.00             0.00
  347 ATA19H03    D12S1282          136.82           181.20            92.87
                              0.00             0.00             0.00
  348 AFMb319xd1  D12S1666          136.82           181.20            92.87
                              0.00             0.00             0.00
  349 PLA2        Unknown           136.82           181.20            92.87
                              0.00             0.00             0.00
  350 GATA4H01    D12S395           136.82           181.20            92.87
                              0.00             0.00             0.00
  351 AFMa082za5  D12S1721          136.82           181.20            92.87
                              0.00             0.00             0.00
  352 AFM220zf4   D12S321           136.82           181.20            92.87
                              2.79             3.20             2.64
  353 GATA10C07   Unknown           139.61           184.40            95.51
                              0.00             0.00             0.00
  354 AFMa114xf1  D12S1349          139.61           184.40            95.51
                              0.56             1.07             0.00
  355 AFMa205wf5  D12S1612          140.17           185.47            95.51
                              0.00             0.00             0.00
  356 UT6481      D12S830           140.17           185.47            95.51
                              0.00             0.00             0.00
  357 AFMa189xe1  D12S1603          140.17           185.47            95.51
                              0.00             0.00             0.00
  358 UT931       D12S807           140.17           185.47            95.51
                              0.00             0.00             0.00
* 359 GATA5H03    D12S378           140.17           185.47            95.51
                              0.00             0.00             0.00
  360 AFMa204za5  D12S1611          140.17           185.47            95.51
                              4.66             7.52             0.59
  361 AFM165yb12  D12S304           144.83           192.99            96.10
                              0.00             0.00             0.70
  362 AFMa212xe5  D12S1614          144.83           192.99            96.80
                              0.00             0.00             0.00
  363 AFM294ze9   D12S342           144.83           192.99            96.80
                              1.56             0.00             3.46
  364 AFM294xg1   D12S340           146.39           192.99           100.26
                              0.78             0.00             1.74
  365 Mfd353      D12S386           147.17           192.99           102.00
                              0.00             0.00             0.00
  366 AFM234tb10  D12S324           147.17           192.99           102.00
                              1.07             0.00             2.14
  367 AFMb294wg9  D12S1658          148.24           192.99           104.14
                              0.00             0.00             0.00
  368 AFM200vc11  D12S1639          148.24           192.99           104.14
                              0.00             0.00             0.00
  369 AFM198wh2   D12S307           148.24           192.99           104.14
                              0.00             0.00             0.76
  370 AFMa297zb9  D12S1634          148.24           192.99           104.90
                              1.36             1.07             0.68
  371 GATA41E12   Unknown           149.60           194.06           105.58
                              0.00             0.00             0.00
* 372 GATA21B11   Unknown           149.60           194.06           105.58
                              1.10             0.00             2.78
  373 AFMb337xc1  D12S1675          150.70           194.06           108.36
                              2.49             1.22             3.34
  374 AFMb350zb5  D12S1679          153.19           195.28           111.70
                              0.14             1.63             0.00
  375 AFMa197zd9  D12S1609          153.33           196.91           111.70
                              2.61             1.40             1.43
  376 UT7009      D12S834           155.94           198.31           113.13
                              0.00             1.28             0.00
  377 AFMb301we5  D12S1659          155.94           199.59           113.13
                              3.65             4.33             2.90
  378 Mfd109A     D12S60            159.59           203.92           116.03
                              0.00             0.00             0.00
  379 AFMa123xe1  D12S367           159.59           203.92           116.03
                              0.00             0.00             0.00
  380 AFMa064xg9  D12S1714          159.59           203.92           116.03
                              1.09             2.16             0.00
* 381 ATA29A06    D12S1045          160.68           206.08           116.03
                              0.00             0.00             0.00
  382 AFM210zd6   D12S97            160.68           206.08           116.03
                              2.87             1.62             3.88
  383 AFM295ye9   D12S343           163.55           207.70           119.91
                              0.00             0.00             0.00
  384 Mfd133r     D12S63            163.55           207.70           119.91
                              1.08             1.62             0.75
  385 AFMa082ze9  D12S1723          164.63           209.32           120.66
                              0.00             0.00             0.55
  386 AFM156xc5   D12S1599          164.63           209.32           121.21
                              1.06             0.00             1.61
  387 AFMa275xb9  D12S1628          165.69           209.32           122.82
                              0.00             0.00             0.00
  388 GATA13D05   D12S392           165.69           209.32           122.82
                              3.10             0.00             5.16
  389 AFM310vd5   D12S357           168.79           209.32           127.98
                              0.00             0.00             0.00
  390 AFMb002vd5  D12S1638          168.79           209.32           127.98
                              0.00             1.27             0.00
  391 12QTEL82    D12S2342          168.79           210.59           127.98
                              0.00             0.00             0.00
  392 12QTEL36    D12S2341          168.79           210.59           127.98
                              1.87             3.86             0.00
  393 12QTEL87    D12S2343          170.66           214.45           127.98
