      Marker      Dnumber      sex-ave(cM)      female(cM)        male(cM)

    1 16PTEL03    D16S3399            0.00             0.00             0.00
                              0.03             2.27             0.00
    2 16PTEL05    D16S3400            0.03             2.27             0.00
                              0.00             0.00             0.00
    3 16PTEL06    D16S3401            0.03             2.27             0.00
                              1.05             0.00             0.00
    4 AFMa139wg1  D16S521             1.08             2.27             0.00
                              5.00             0.00            10.68
    5 ATA67B07    Unknown             6.08             2.27            10.68
                              0.97             0.00             1.95
    6 AFM361te9   D16S3124            7.05             2.27            12.63
                              0.00             0.00             0.00
    7 D16S94      D16S94              7.05             2.27            12.63
                              0.00             0.00             0.00
    8 ATA41E08    Unknown             7.05             2.27            12.63
                              0.00             0.00             0.00
    9 AFMa134xc1  D16S3024            7.05             2.27            12.63
                              0.56             0.00             1.08
   10 AFMa353yh1  D16S3070            7.61             2.27            13.71
                              0.00             0.00             0.00
   11 AFMa059wf9  D16S3134            7.61             2.27            13.71
                              0.00             0.00             0.00
   12 UT5147      D16S676             7.61             2.27            13.71
                              0.00             0.00             0.00
   13 UT581       D16S475             7.61             2.27            13.71
                              0.00             0.00             0.00
   14 AFMb070yg5  D16S3082            7.61             2.27            13.71
                              0.55             0.00             1.07
   15 AFMa323yf5  D16S3065            8.16             2.27            14.78
                              0.00             0.00             0.00
   16 GATA73G05   D16S2622            8.16             2.27            14.78
                              0.55             0.00             1.08
   17 AFMa154wc9  D16S3027            8.71             2.27            15.86
                              0.00             0.00             0.00
   18 AFMb080yh5  D16S3084            8.71             2.27            15.86
                              0.00             0.00             0.00
   19 AFMb015wa9  D16S3072            8.71             2.27            15.86
                              1.65             1.22             2.14
   20 AFM312vd5   D16S510            10.36             3.49            18.00
                              0.00             0.00             0.00
   21 AFM249yc5   D16S423            10.36             3.49            18.00
                              1.10             1.22             1.07
   22 ATA41E04    Unknown            11.46             4.71            19.07
                              0.00             0.00             0.00
   23 GGAT1D8     Unknown            11.46             4.71            19.07
                              1.11             1.22             1.08
   24 AFMa044ta9  D16S3128           12.57             5.93            20.15
                              0.55             0.00             1.07
   25 AFMa301wg9  D16S3058           13.12             5.93            21.22
                              0.00             0.00             0.00
   26 AFMa205wa9  D16S3042           13.12             5.93            21.22
                              0.00             0.00             0.00
   27 AFMb281ze9  D16S3088           13.12             5.93            21.22
                              0.00             0.00             0.00
   28 AFM297yg5   D16S506            13.12             5.93            21.22
                              0.00             0.00             0.00
   29 AFMa059xc1  D16S3135           13.12             5.93            21.22
                              0.55             0.00             1.07
   30 AFM212zc5   D16S3092           13.67             5.93            22.29
                              0.00             0.00             0.00
   31 AFM308yf9   D16S509            13.67             5.93            22.29
                              0.00             0.00             0.00
   32 AFMa175xh1  D16S3030           13.67             5.93            22.29
                              1.10             0.00             2.14
   33 AFM225xd2   D16S418            14.77             5.93            24.43
                              0.00             0.00             0.00
   34 AFMb348wc9  D16S3108           14.77             5.93            24.43
                              0.55             1.21             0.00
   35 AFM199zb10  D16S495            15.32             7.14            24.43
                              0.00             0.00             0.00
   36 UT1026      D16S677            15.32             7.14            24.43
                              0.00             0.00             0.00
   37 AFM321th5   D16S513            15.32             7.14            24.43
                              0.00             0.00             0.00
   38 AFMa272wc5  D16S3052           15.32             7.14            24.43
                              0.00             0.00             0.00
   39 UT5069      D16S675            15.32             7.14            24.43
                              0.00             0.00             0.00
   40 AFM266xg9   D16S502            15.32             7.14            24.43
                              0.82             1.22             0.38
   41 AFM079yh3   D16S406            16.14             8.36            24.81
                              0.66             0.84             0.55
   42 UT1547      D16S678            16.80             9.20            25.36
                              0.17             0.38             0.15
   43 AFMb083ze1  D16S3087           16.97             9.58            25.51
                              0.00             0.00             0.00
   44 AFMa128xg9  D16S3020           16.97             9.58            25.51
                              1.10             1.22             1.07
   45 AFM056yf6   D16S404            18.07            10.80            26.58
                              0.00             0.00             0.00
   46 Mfd272      D16S446            18.07            10.80            26.58
                              0.00             0.00             0.00
   47 UT7613      D16S687            18.07            10.80            26.58
                              0.00             0.00             0.00
   48 AFMa041yf1  D16S3126           18.07            10.80            26.58
                              0.00             0.00             0.00
   49 AFM113xe3   D16S407            18.07            10.80            26.58
                              0.00             0.00             0.00
   50 AFMa312wa5  D16S3064           18.07            10.80            26.58
                              1.35             2.13             0.00
   51 AFMb048zd1  D16S3078           19.42            12.93            26.58
                              1.35             0.00             3.21
   52 AFM205za11  D16S414            20.77            12.93            29.79
                              0.00             0.00             0.00
   53 AFM218ya11  D16S497            20.77            12.93            29.79
                              0.00             0.00             0.00
   54 AFMa133xf5  D16S519            20.77            12.93            29.79
                              0.00             0.00             0.00
   55 AFM088xc1   D16S3122           20.77            12.93            29.79
                              1.25             2.14             0.00
   56 ATA10H10    D16S2613           22.02            15.07            29.79
                              0.32             0.57             0.00
   57 UT1334      D16S2640           22.34            15.64            29.79
                              0.31             0.51             0.00
   58 ATA3A07     D16S748            22.65            16.15            29.79
                              0.63             1.06             0.00
   59 AFMb019zh9  D16S3075           23.28            17.21            29.79
                              0.00             0.00             0.00
   60 AFMc010ze1  D16S3114           23.28            17.21            29.79
                              0.00             0.00             0.00
   61 AFMa239zh5  D16S3047           23.28            17.21            29.79
                              1.25             2.14             0.00
   62 AFMb334wh1  D16S3102           24.53            19.35            29.79
                              0.00             0.00             0.00
   63 AFMa352yc5  D16S3069           24.53            19.35            29.79
                              2.52             0.00             5.84
   64 AFMa305xb1  D16S3062           27.05            19.35            35.63
                              1.25             0.00             2.82
   65 AFM112xg5   D16S500            28.30            19.35            38.45
                              0.00             0.00             0.00
   66 AFMa302vf9  D16S3060           28.30            19.35            38.45
                              0.00             0.00             0.00
*  67 UT1952      D16S680            28.30            19.35            38.45
                              0.00             0.00             0.00
   68 AFMb053yc9  D16S3079           28.30            19.35            38.45
                              0.00             0.00             0.00
   69 AFM088za1   D16S3127           28.30            19.35            38.45
                              0.00             0.00             0.00
   70 GATA62G05   D16S2619           28.30            19.35            38.45
                              0.00             0.00             0.00
   71 AFM070ya1   D16S405            28.30            19.35            38.45
                              1.67             2.13             1.61
   72 GATA42E11   D16S764            29.97            21.48            40.06
                              0.84             0.00             1.63
   73 ATA63G01    Unknown            30.81            21.48            41.69
                              1.26             0.00             2.15
   74 AFMb337zc9  D16S3103           32.07            21.48            43.84
                              0.00             0.00             0.00
   75 AFMa104ye9  D16S3017           32.07            21.48            43.84
                              1.07             0.09             1.07
   76 AFM259xb9   D16S499            33.14            21.57            44.91
                              0.00             0.52             0.00
   77 UT6629      D16S683            33.14            22.09            44.91
                              0.00             0.47             0.00
   78 Mfd180      D16S668            33.14            22.56            44.91
                              1.08             2.15             0.00
   79 AFM113xa9   D16S501            34.22            24.71            44.91
                              1.22             1.30             1.07
   80 AFMa284xh9  D16S3056           35.44            26.01            45.98
                              0.00             0.00             0.00
   81 AFM165yb6   D16S410            35.44            26.01            45.98
                              3.07             5.15             1.07
   82 UT480       D16S535            38.51            31.16            47.05
                              0.00             0.00             0.00
   83 AFM164th2   D16S3041           38.51            31.16            47.05
                              0.00             0.00             0.00
   84 AFM185xb6   D16S3054           38.51            31.16            47.05
                              0.53             1.07             0.00
   85 AFMb324xc1  D16S3099           39.04            32.23            47.05
                              0.00             0.00             0.00
   86 AFMa189yd1  D16S3036           39.04            32.23            47.05
                              0.00             0.00             0.00
   87 UT1556      D16S490            39.04            32.23            47.05
                              0.00             0.00             0.00
   88 GAAT1E9     D16S749            39.04            32.23            47.05
                              1.61             2.16             1.07
   89 AFM165zg1   D16S3045           40.65            34.39            48.12
                              0.00             0.00             0.00
   90 AFMa231zc1  D16S3046           40.65            34.39            48.12
                              2.16             4.36             0.00
   91 AFM191wb10  D16S412            42.81            38.75            48.12
                              1.08             2.19             0.00
   92 AFMa049xc5  D16S3130           43.89            40.94            48.12
                              0.00             0.00             0.00
   93 UT773       D16S672            43.89            40.94            48.12
                              0.00             0.00             0.00
   94 AFMb033xe9  D16S3076           43.89            40.94            48.12
                              0.00             0.00             0.00
   95 AFM049xd2   D16S403            43.89            40.94            48.12
                              0.00             0.00             0.00
   96 AFM220xb10  D16S417            43.89            40.94            48.12
                              0.56             1.11             0.00
   97 AFM238xb2   D16S420            44.45            42.05            48.12
                              1.11             2.23             0.00
   98 AFMc010zc9  D16S3113           45.56            44.28            48.12
                              1.38             3.13             0.00
   99 AFM025tg9   D16S401            46.94            47.41            48.12
                              0.00             0.00             0.00
  100 AFMa058wb1  D16S3133           46.94            47.41            48.12
                              1.59             0.00             2.14
  101 AFMa349zh9  D16S3068           48.53            47.41            50.26
                              0.00             0.80             0.00
  102 UT483       D16S537            48.53            48.21            50.26
                              2.07             3.94             0.00
  103 AFMc026xa9  D16S3116           50.60            52.15            50.26
                              0.00             0.00             0.00
  104 AFMa050wd1  D16S3131           50.60            52.15            50.26
                              0.00             0.00             0.00
  105 GATA71H05   D16S769            50.60            52.15            50.26
                              1.66             3.36             0.00
  106 AFMb326xg1  D16S3100           52.26            55.51            50.26
                              0.00             0.00             0.00
  107 AFMb308zh9  D16S3093           52.26            55.51            50.26
                              0.00             0.00             0.08
  108 AFM126yf6   D16S3145           52.26            55.51            50.34
                              5.53            10.08             0.99
  109 Mfd24       D16S261            57.79            65.59            51.33
                              0.00             0.00             0.00
  110 UT7230      D16S685            57.79            65.59            51.33
                              0.00             0.00             0.00
  111 AFM304xf1   D16S508            57.79            65.59            51.33
                              0.00             0.00             0.00
  112 UT8173      D16S690            57.79            65.59            51.33
                              0.00             0.00             0.00
  113 UT481       D16S527            57.79            65.59            51.33
                              0.00             0.00             0.00
  114 GGAA3G05    D16S753            57.79            65.59            51.33
                              0.00             0.00             0.00
* 115 AFMa134ve5  D16S3022           57.79            65.59            51.33
                              0.00             0.00             0.00
  116 GATA7B02    D16S540            57.79            65.59            51.33
                              0.00             0.00             0.00
  117 AFMb069wd5  D16S3081           57.79            65.59            51.33
                              0.67             1.35             0.00
  118 AFMb341zc5  D16S3105           58.46            66.94            51.33
                              0.00             0.00             0.00
  119 UT482       D16S536            58.46            66.94            51.33
                              0.00             0.00             0.00
  120 UT5113      D16S746            58.46            66.94            51.33
                              0.00             0.00             0.00
  121 UT745       D16S477            58.46            66.94            51.33
                              0.00             0.00             0.00
  122 AFM161xa1   D16S409            58.46            66.94            51.33
                              0.00             0.00             0.00
  123 AFMa222za9  D16S3044           58.46            66.94            51.33
                              0.00             0.00             0.00
  124 AFMa132we9  D16S517            58.46            66.94            51.33
                              1.22             2.42             0.00
  125 AFMb068zb9  D16S3080           59.68            69.36            51.33
                              0.00             0.00             0.00
  126 AFM186xa3   D16S411            59.68            69.36            51.33
                              0.00             0.00             0.00
  127 AFM288wb1   D16S3117           59.68            69.36            51.33
                              0.00             0.00             0.00
  128 UT6248      D16S682            59.68            69.36            51.33
                              2.43             4.89             0.00
  129 AFMa061xe5  D16S3136           62.11            74.25            51.33
                              0.00             0.00             0.00
  130 AFM326vc5   D16S3120           62.11            74.25            51.33
                              0.00             0.00             0.00
* 131 GATA143D05  Unknown            62.11            74.25            51.33
                              0.00             0.00             0.00
  132 AFMa189wg5  D16S3035           62.11            74.25            51.33
                              1.67             4.28             0.00
  133 ATA55A11    D16S3396           63.78            78.53            51.33
                              1.32             0.03             0.53
  134 AFM210yg3   D16S416            65.10            78.56            51.86
                              0.00             0.00             0.54
  135 ATA20H10    D16S757            65.10            78.56            52.40
                              0.67             1.58             0.00
  136 GGAA20G02   D16S770            65.77            80.14            52.40
                              0.33             0.57             0.00
  137 GATA81B12   D16S2623           66.10            80.71            52.40
                              1.30             1.07             2.13
  138 AFM225zf2   D16S419            67.40            81.78            54.53
                              0.22             0.00             0.00
  139 AFM205ze5   D16S415            67.62            81.78            54.53
                              1.43             3.25             0.00
  140 AFMa061yb5  D16S3137           69.05            85.03            54.53
                              0.00             0.00             0.00
  141 AFMa184xg1  D16S3034           69.05            85.03            54.53
                              1.64             3.25             0.00
  142 GGAA23C09   D16S771            70.69            88.28            54.53
                              1.08             2.14             0.00
  143 GATA22F09   D16S3253           71.77            90.42            54.53
                              0.00             0.00             0.00
  144 UT1936      D16S492            71.77            90.42            54.53
                              1.43             2.87             0.00
  145 AFMa183wd9  D16S3032           73.20            93.29            54.53
                              0.00             0.00             0.00
  146 GGAT1A8     Unknown            73.20            93.29            54.53
                              0.71             1.42             0.00
  147 AFMb362yf5  D16S3112           73.91            94.71            54.53
                              0.00             0.00             0.00
  148 AFMa273xe5  D16S3053           73.91            94.71            54.53
                              0.53             1.07             0.00
  149 AFMa070zf5  D16S3140           74.44            95.78            54.53
                              0.00             0.00             0.00
  150 AFM137xf8   D16S408            74.44            95.78            54.53
                              0.00             0.00             0.00
  151 UT818       D16S673            74.44            95.78            54.53
                              0.00             0.00             0.00
  152 UT1535      D16S489            74.44            95.78            54.53
                              0.00             0.00             0.00
  153 AFMb354wc9  D16S3110           74.44            95.78            54.53
                              0.00             0.00             0.00
  154 AFMa197ye1  D16S3039           74.44            95.78            54.53
                              0.90             1.80             0.00
  155 AFMb010xd9  D16S3071           75.34            97.58            54.53
                              1.79             3.62             0.00
  156 AFMa299yf1  D16S3057           77.13           101.20            54.53
                              0.02             0.05             0.00
  157 AFM193xh10  D16S494            77.15           101.25            54.53
                              0.56             1.14             0.00
  158 UT746       D16S526            77.71           102.39            54.53
                              0.00             0.00             0.00
  159 AFMa192wa9  D16S3038           77.71           102.39            54.53
                              0.86             1.78             0.00
  160 NIB340      Unknown            78.57           104.17            54.53
                              0.86             1.78             0.00
  161 AFMb316we1  D16S3094           79.43           105.95            54.53
                              0.57             1.19             0.00
  162 AFMa050yh9  D16S3132           80.00           107.14            54.53
                              0.00             0.00             0.00
* 163 AFMb286wd5  D16S3089           80.00           107.14            54.53
                              1.15             2.37             0.00
  164 GATA138C05  Unknown            81.15           109.51            54.53
                              0.00             0.00             0.00
  165 AFMa084za9  D16S3143           81.15           109.51            54.53
                              0.00             0.00             0.00
  166 GATA67G11   Unknown            81.15           109.51            54.53
                              0.00             0.00             0.00
  167 AFM330vd9   D16S514            81.15           109.51            54.53
                              0.00             0.00             0.00
  168 Mfd65       D16S267            81.15           109.51            54.53
                              0.00             0.00             0.00
  169 UT7686      D16S688            81.15           109.51            54.53
                              0.80             1.28             0.00
  170 AFMa048ye1  D16S3129           81.95           110.79            54.53
                              1.60             0.86             2.13
  171 AFM274ya5   D16S503            83.55           111.65            56.66
                              0.00             0.42             0.00
  172 AFMb362we5  D16S3111           83.55           112.07            56.66
                              0.00             0.00             0.00
  173 AFM024xg1   D16S400            83.55           112.07            56.66
                              0.00             0.00             0.00
  174 Mfd23       D16S265            83.55           112.07            56.66
                              1.20             0.00             2.14
  175 GATA196B10  Unknown            84.75           112.07            58.80
                              0.00             0.00             0.00
  176 Mfd12       D16S260            84.75           112.07            58.80
                              0.00             0.00             0.00
* 177 GATA140E03  Unknown            84.75           112.07            58.80
                              0.00             0.00             0.00
  178 AFMa219zd5  D16S3043           84.75           112.07            58.80
                              0.00             0.00             0.00
  179 AFMa130yh5  D16S3021           84.75           112.07            58.80
                              0.00             0.00             0.00
  180 AFMa246zd5  D16S3050           84.75           112.07            58.80
                              0.59             1.27             0.00
  181 AFMa176yb9  D16S3031           85.34           113.34            58.80
                              0.60             1.27             0.00
  182 AFMa343zg5  D16S3067           85.94           114.61            58.80
                              0.00             0.00             0.00
  183 AFMb347xc1  D16S3107           85.94           114.61            58.80
                              0.00             0.00             0.00
  184 Mfd98       D16S397            85.94           114.61            58.80
                              0.00             0.00             0.00
  185 AFMb082yc5  D16S3085           85.94           114.61            58.80
                              0.00             0.00             0.00
  186 AFM240yh6   D16S421            85.94           114.61            58.80
                              0.00             0.00             0.00
* 187 AFMa121xb9  D16S3019           85.94           114.61            58.80
                              0.00             0.00             0.00
  188 AFMb083yf1  D16S3086           85.94           114.61            58.80
                              0.00             0.00             0.00
  189 AFMa071zg9  D16S3141           85.94           114.61            58.80
                              0.00             0.00             0.00
  190 AFM214zg5   D16S496            85.94           114.61            58.80
                              1.12             2.28             0.00
  191 GATA51G03   D16S752            87.06           116.89            58.80
                              0.00             0.00             0.00
  192 AFMb317ye5  D16S3095           87.06           116.89            58.80
                              0.56             1.15             0.00
  193 UT2351      D16S681            87.62           118.04            58.80
                              0.00             0.00             0.00
* 194 GATA81D12   D16S2624           87.62           118.04            58.80
                              0.26             0.00             0.50
  195 UT1684      D16S2642           87.88           118.04            59.30
                              0.30             0.00             0.58
  196 AFM191yg7   D16S3059           88.18           118.04            59.88
                              0.00             0.00             0.00
  197 AFMa143zd1  D16S3025           88.18           118.04            59.88
                              0.00             0.00             0.00
  198 AFMb346yf5  D16S3106           88.18           118.04            59.88
                              0.00             0.00             0.00
  199 AFMa066xd5  D16S3139           88.18           118.04            59.88
                              1.45             2.27             1.07
  200 AFMa183xd1  D16S3033           89.63           120.31            60.95
                              0.00             0.00             0.00
  201 AFM320wf1   D16S512            89.63           120.31            60.95
                              0.00             0.00             0.00
  202 AFMa342vc5  D16S3066           89.63           120.31            60.95
                              1.02             0.02             1.08
  203 AFMa109ya5  D16S3018           90.65           120.33            62.03
                              1.45             2.27             0.50
  204 AFM072xh7   D16S3118           92.10           122.60            62.53
                              0.00             0.00             0.58
  205 AFMc020we9  D16S3115           92.10           122.60            63.11
                              0.00             0.00             0.00
  206 AFMa247wg5  D16S3051           92.10           122.60            63.11
                              0.00             0.00             0.00
  207 AFMb077zc9  D16S3083           92.10           122.60            63.11
                              0.00             0.00             0.00
  208 AFMb291zf5  D16S3090           92.10           122.60            63.11
                              0.00             0.00             0.00
  209 UT484       D16S538            92.10           122.60            63.11
                              0.00             0.00             0.00
  210 AFM340ye5   D16S515            92.10           122.60            63.11
                              1.68             3.42             0.00
  211 UT7223      D16S684            93.78           126.02            63.11
                              0.00             0.00             0.00
  212 AFMb331xh5  D16S3101           93.78           126.02            63.11
                              0.00             0.00             0.00
  213 AFMb323xd9  D16S3097           93.78           126.02            63.11
                              0.00             0.00             0.00
  214 AFMa041yb5  D16S3125           93.78           126.02            63.11
                              0.00             0.00             0.00
* 215 AFMa083yf1  D16S3142           93.78           126.02            63.11
                              0.00             0.00             0.00
  216 AFMa062yd5  D16S3138           93.78           126.02            63.11
                              1.30             0.00             2.16
  217 AFMa132xg9  D16S518            95.08           126.02            65.27
                              1.95             4.33             0.00
  218 AFMa175wh5  D16S3029           97.03           130.35            65.27
                              0.00             0.00             0.00
  219 AFMa245yf5  D16S3049           97.03           130.35            65.27
                              2.41             2.18             2.16
  220 AFMb322wb9  D16S3096           99.44           132.53            67.43
                              0.95             2.17             0.00
  221 AFM126yb8   D16S3144          100.39           134.70            67.43
                              0.00             0.00             0.00
  222 AFM350vd1   D16S516           100.39           134.70            67.43
                              0.84             1.38             0.00
  223 AFM292xh5   D16S504           101.23           136.08            67.43
                              3.22             4.08             2.88
  224 AFMa204xd9  D16S3040          104.45           140.16            70.31
                              0.72             0.00             1.44
  225 AFMb340zg5  D16S3104          105.17           140.16            71.75
                              0.00             0.00             0.00
  226 AFM200za3   D16S3073          105.17           140.16            71.75
                              0.00             0.00             0.00
  227 AFM301zb9   D16S507           105.17           140.16            71.75
                              0.00             0.00             0.00
  228 UT7370      D16S686           105.17           140.16            71.75
                              0.00             0.00             0.00
  229 AFMa283xf9  D16S3055          105.17           140.16            71.75
                              0.00             0.00             0.00
  230 GAAT2B10    D16S750           105.17           140.16            71.75
                              0.00             0.00             0.00
  231 AFM304zb1   D16S3119          105.17           140.16            71.75
                              3.15             4.32             1.62
  232 AFMb323yh5  D16S3098          108.32           144.48            73.37
                              0.64             0.00             1.63
  233 AFM296tb1   D16S505           108.96           144.48            75.00
                              1.44             1.09             2.15
  234 AFM312xd1   D16S511           110.40           145.57            77.15
                              0.72             1.07             0.00
  235 AFMb297zc1  D16S3091          111.12           146.64            77.15
                              0.00             0.00             0.00
  236 AFM249xc5   D16S422           111.12           146.64            77.15
                              0.00             0.00             0.00
  237 UT532       D16S534           111.12           146.64            77.15
                              2.40             1.69             2.85
  238 AFM031xa5   D16S402           113.52           148.33            80.00
                              7.07            10.39             4.29
* 239 GATA86C08   Unknown           120.59           158.72            84.29
                              0.86             0.00             1.58
  240 AFMa304wa9  D16S3061          121.45           158.72            85.87
                              0.00             0.00             0.00
  241 AFMa191ya9  D16S3037          121.45           158.72            85.87
                              3.28             2.73             3.18
* 242 GATA11C06   D16S539           124.73           161.45            89.05
                              1.09             2.74             0.00
  243 AFMa135xg5  D16S520           125.82           164.19            89.05
                              0.54             0.00             1.09
  244 AFM218yb10  D16S498           126.36           164.19            90.14
                              1.09             1.08             1.09
  245 AFM350ta9   D16S3123          127.45           165.27            91.23
                              0.00             0.00             0.00
  246 AFMb017zd9  D16S3074          127.45           165.27            91.23
                              0.54             0.00             1.08
  247 AFMa240ye1  D16S3048          127.99           165.27            92.31
                              0.00             0.00             0.00
  248 AFMa306yf1  D16S3063          127.99           165.27            92.31
                              0.00             0.00             0.00
  249 AFMb048wb1  D16S3077          127.99           165.27            92.31
                              0.54             1.08             0.00
  250 AFM196xg1   D16S413           128.53           166.35            92.31
                              0.00             0.00             0.00
  251 D16S43      D16S43            128.53           166.35            92.31
                              0.00             0.00             0.00
  252 UT8102      D16S689           128.53           166.35            92.31
                              0.00             0.00             0.00
  253 UT5217      D16S486           128.53           166.35            92.31
                              0.00             0.00             0.00
  254 UT703       D16S476           128.53           166.35            92.31
                              0.00             0.00             0.00
  255 AFMa156td1  D16S3028          128.53           166.35            92.31
                              1.88             0.00             4.02
  256 AFM156xb8   D16S3026          130.41           166.35            96.33
                              0.00             0.00             0.00
  257 D16S7       D16S7             130.41           166.35            96.33
                              0.00             0.00             0.00
  258 GATA71F09   D16S2621          130.41           166.35            96.33
                              2.19             2.57             1.52
  259 AFM342xd9   D16S3121          132.60           168.92            97.85
                              0.00             0.00             0.00
  260 AFMa134xb5  D16S3023          132.60           168.92            97.85
                              1.52             0.00             3.04
  261 UT658       D16S671           134.12           168.92           100.89
