      Marker      Dnumber      sex-ave(cM)      female(cM)        male(cM)

    1 UT563       D14S132             0.00             0.00             0.00
                              6.46             0.00             8.66
    2 AFM238yd6   D14S261             6.46             0.00             8.66
                              1.82             2.85             0.00
    3 AFMb329we5  D14S1023            8.28             2.85             8.66
                              1.08             1.99             0.00
    4 AFMa086wb5  D14S1070            9.36             4.84             8.66
                              0.00             0.00             0.05
    5 AFM199zf4   D14S72              9.36             4.84             8.71
                              0.00             0.00             0.26
    6 AFM324tc9   D14S1043            9.36             4.84             8.97
                              0.00             0.00             0.51
    7 UT597       Unknown             9.36             4.84             9.48
                              0.00             0.00             0.51
    8 UT741c      Unknown             9.36             4.84             9.99
                              0.00             0.00             0.38
    9 UT6047      D14S780             9.36             4.84            10.37
                              0.00             0.00             0.29
   10 UT1392      D14S122             9.36             4.84            10.66
                              3.10             4.32             0.18
   11 GATA74E02   D14S742            12.46             9.16            10.84
                              0.00             0.00             0.00
   12 AFM197yf8   D14S1003           12.46             9.16            10.84
                              0.00             0.00             0.00
   13 UT1605      D14S548            12.46             9.16            10.84
                              0.00             0.00             0.00
   14 Mfd130A     D14S50             12.46             9.16            10.84
                              1.43             2.13             1.07
   15 AFM312xh1   D14S283            13.89            11.29            11.91
                              0.71             0.00             1.07
   16 AFMa218yh1  D14S990            14.60            11.29            12.98
                              0.00             0.00             0.00
   17 MYH7        Unknown            14.60            11.29            12.98
                              6.91             6.42             7.40
   18 GAAT1B03    D14S581            21.51            17.71            20.38
                              0.00             0.00             0.00
   19 AFMa106zh1  D14S972            21.51            17.71            20.38
                              1.15             0.46             1.24
   20 AFM079ze5   D14S64             22.66            18.17            21.62
                              0.00             0.61             0.00
   21 AFM084ya1   D14S264            22.66            18.78            21.62
                              0.54             1.07             0.00
   22 ATA77F05    Unknown            23.20            19.85            21.62
                              0.00             0.00             0.00
   23 AFMb359zf1  D14S1032           23.20            19.85            21.62
                              0.00             0.00             0.00
   24 AFM074yc9   D14S1041           23.20            19.85            21.62
                              2.67             0.00             5.37
   25 UT1421      D14S123            25.87            19.85            26.99
                              0.00             0.00             0.00
   26 GATA129B02  Unknown            25.87            19.85            26.99
                              0.00             0.00             0.00
   27 GATA31B09   D14S1280           25.87            19.85            26.99
                              0.72             0.22             1.08
   28 AFM242xa9   D14S80             26.59            20.07            28.07
                              0.42             0.20             0.79
   29 GATA131D05  Unknown            27.01            20.27            28.86
                              1.00             0.64             1.36
   30 207xb12     D14S252            28.01            20.91            30.22
                              0.00             0.00             0.00
*  31 ATA25E04    D14S597            28.01            20.91            30.22
                              0.00             0.00             0.00
   32 AFM291za9   D14S275            28.01            20.91            30.22
                              0.00             0.00             0.00
   33 GATA43H01   D14S608            28.01            20.91            30.22
                              0.00             0.00             0.00
   34 AFM074zd11  D14S1042           28.01            20.91            30.22
                              0.00             0.00             0.00
   35 AFM240vc5   D14S262            28.01            20.91            30.22
                              0.00             0.00             0.00
   36 GATA69G10   D14S615            28.01            20.91            30.22
                              3.12             2.13             4.03
   37 AFM143xh2   D14S975            31.13            23.04            34.25
                              0.00             0.00             0.00
   38 AFMb327xd9  D14S1021           31.13            23.04            34.25
                              0.62             0.00             1.34
   39 Mfd192A     D14S54             31.75            23.04            35.59
                              0.00             0.00             0.00
   40 GATA5H04    D14S297            31.75            23.04            35.59
                              0.00             0.00             0.00
   41 AFM303td5   D14S1040           31.75            23.04            35.59
                              0.00             0.00             0.00
   42 AFMb361yh9  D14S1034           31.75            23.04            35.59
                              0.00             0.00             0.00
   43 AFMa102zd9  D14S1071           31.75            23.04            35.59
                              0.00             0.00             0.00
   44 ATA76C02    Unknown            31.75            23.04            35.59
                              0.00             0.00             0.00
   45 AFM224yb8   D14S257            31.75            23.04            35.59
                              2.68             0.63             4.28
   46 AFMa053we9  D14S1060           34.43            23.67            39.87
                              0.00             0.46             0.00
   47 UT1289      D14S121            34.43            24.13            39.87
                              2.33             3.24             1.59
   48 GATA74A05   D14S741            36.76            27.37            41.46
                              0.00             0.00             0.00
   49 UT5618      D14S552            36.76            27.37            41.46
                              0.00             0.00             0.00
   50 Mfd119A     D14S49             36.76            27.37            41.46
                              3.35             5.26             1.60
   51 AFM191ve1   D14S70             40.11            32.63            43.06
                              0.57             1.22             0.00
   52 ATA29G03    D14S599            40.68            33.85            43.06
                              0.26             0.50             0.00
   53 AFM340zd9   D14S1049           40.94            34.35            43.06
                              0.00             0.69             0.00
   54 UT2290      D14S551            40.94            35.04            43.06
                              1.87             0.68             1.07
   55 AFMa190wg9  D14S988            42.81            35.72            44.13
                              0.00             0.00             1.08
   56 AFM212ze3   D14S253            42.81            35.72            45.21
                              0.00             0.00             0.00
   57 AFMb300xf9  D14S1014           42.81            35.72            45.21
                              0.62             0.00             1.06
   58 AFM355tc1   D14S1053           43.43            35.72            46.27
                              0.00             0.00             0.00
   59 AFMb313zd1  D14S1017           43.43            35.72            46.27
                              0.63             1.36             0.00
   60 GATA4B04    D14S306            44.06            37.08            46.27
                              0.00             0.00             0.00
   61 UT5219      D14S129            44.06            37.08            46.27
                              0.00             0.00             0.21
   62 AFM214yg5   D14S75             44.06            37.08            46.48
                              1.06             1.06             0.19
   63 AFM324tb1   D14S286            45.12            38.14            46.67
                              0.00             0.00             0.32
   64 AFM164xf10  D14S69             45.12            38.14            46.99
                              0.00             0.00             0.35
   65 UT7222      D14S556            45.12            38.14            47.34
                              0.00             0.00             0.00
   66 AFM296zd5   D14S278            45.12            38.14            47.34
                              0.00             0.00             0.00
   67 AFM070xe9   D14S1039           45.12            38.14            47.34
                              0.00             0.00             0.00
   68 GATA136A04  Unknown            45.12            38.14            47.34
                              0.00             0.00             0.00
   69 ATA38D06    Unknown            45.12            38.14            47.34
                              0.00             0.00             0.00
   70 AFM240zd4   D14S79             45.12            38.14            47.34
                              0.00             0.00             0.00
   71 ATA3B06     D14S579            45.12            38.14            47.34
                              0.00             0.00             0.00
   72 AFM337xg5   D14S1048           45.12            38.14            47.34
                              0.00             0.00             0.00
   73 GATA192E08  Unknown            45.12            38.14            47.34
                              0.00             0.00             1.72
   74 GATA10H04   D14S301            45.12            38.14            49.06
                              2.39             0.63             1.96
   75 AFM150xa7   D14S266            47.51            38.77            51.02
                              0.00             0.55             0.00
   76 AFMb286ya9  D14S1013           47.51            39.32            51.02
                              0.00             0.00             0.00
   77 AFM328yc5   D14S288            47.51            39.32            51.02
                              0.60             1.18             0.00
   78 Mfd86       D14S47             48.11            40.50            51.02
                              1.79             2.36             1.23
   79 AFMb340vf1  D14S1027           49.90            42.86            52.25
                              0.60             0.00             1.22
   80 AFM225yb10  D14S259            50.50            42.86            53.47
                              0.00             0.00             0.00
   81 AFM203xe3   D14S1009           50.50            42.86            53.47
                              0.00             0.00             0.00
   82 AFMa040zd9  D14S1055           50.50            42.86            53.47
                              0.00             0.00             0.00
   83 AFMa116zb5  D14S976            50.50            42.86            53.47
                              0.00             0.00             0.00
   84 AFM114xg7   D14S1068           50.50            42.86            53.47
                              0.59             1.17             0.00
   85 Mfd335      D14S541            51.09            44.03            53.47
                              0.00             0.00             0.00
   86 GATA90G11   D14S748            51.09            44.03            53.47
                              0.70             1.48             0.00
   87 AFM267zd5   D14S269            51.79            45.51            53.47
                              0.00             0.00             0.00
   88 AFM220zh4   D14S255            51.79            45.51            53.47
                              0.00             0.00             0.00
   89 GATA85A11   Unknown            51.79            45.51            53.47
                              0.00             0.00             0.00
   90 D14S24      D14S24             51.79            45.51            53.47
                              0.70             1.48             0.00
   91 AFMb359zd1  D14S1031           52.49            46.99            53.47
                              0.00             0.00             0.00
   92 AFMa175vf5  D14S984            52.49            46.99            53.47
                              0.70             1.48             0.00
   93 AFMa122ya5  D14S978            53.19            48.47            53.47
                              1.05             0.33             1.22
   94 ACT2F03     D14S589            54.24            48.80            54.69
                              1.05             0.48             1.22
   95 GATA28H09   D14S1401           55.29            49.28            55.91
                              0.00             0.67             0.00
   96 AFMb314zb5  D14S1018           55.29            49.95            55.91
                              0.00             0.00             0.00
   97 UT7952      D14S562            55.29            49.95            55.91
                              0.00             0.00             0.00
   98 AFMa212zb9  D14S989            55.29            49.95            55.91
                              0.53             1.07             0.00
   99 AFMa222wc9  D14S991            55.82            51.02            55.91
                              0.00             0.00             0.00
  100 AFM309xh5   D14S281            55.82            51.02            55.91
                              0.00             0.00             0.00
  101 GATA85D04   D14S747            55.82            51.02            55.91
                              0.00             0.00             0.00
  102 UT1569      D14S139            55.82            51.02            55.91
                              0.00             0.00             0.00
  103 AFMa046xf1  D14S1057           55.82            51.02            55.91
                              0.00             0.00             0.00
  104 GGAA10C09   D14S587            55.82            51.02            55.91
                              0.54             1.07             0.00
  105 AFM292we1   D14S276            56.36            52.09            55.91
                              1.07             2.13             0.00
  106 Mfd167A     D14S52             57.43            54.22            55.91
                              0.00             0.00             0.00
  107 GATA84B02   Unknown            57.43            54.22            55.91
                              0.00             0.00             0.00
  108 AFMa061wb5  D14S1064           57.43            54.22            55.91
                              0.55             1.07             0.00
  109 AFM311wd1   D14S282            57.98            55.29            55.91
                              0.00             0.00             0.00
  110 AFMa041ta5  D14S1056           57.98            55.29            55.91
                              1.45             2.83             0.00
  111 AFM319vf5   D14S285            59.43            58.12            55.91
                              0.00             0.00             0.60
  112 AFM109ya3   D14S66             59.43            58.12            56.51
                              1.00             1.57             0.61
  113 AFMa137ya9  D14S980            60.43            59.69            57.12
                              2.82             4.59             0.39
  114 AFM288vg1   D14S274            63.25            64.28            57.51
                              0.00             0.00             0.00
  115 ATA91D01    Unknown            63.25            64.28            57.51
                              3.56             6.90             0.00
  116 AFMc024xf1  D14S1038           66.81            71.18            57.51
                              0.00             0.00             0.00
  117 ATA19H08    D14S592            66.81            71.18            57.51
                              0.00             0.00             0.00
  118 GATA157B05  Unknown            66.81            71.18            57.51
                              0.00             0.00             0.00
  119 AFMa226yd9  D14S994            66.81            71.18            57.51
                              1.18             2.29             0.00
  120 AFMa247we5  D14S997            67.99            73.47            57.51
                              0.60             1.14             0.00
  121 AFMb076xe1  D14S1012           68.59            74.61            57.51
                              0.00             0.00             0.00
  122 AFM343ze5   D14S290            68.59            74.61            57.51
                              0.00             0.00             0.00
  123 AFMa052ya9  D14S1059           68.59            74.61            57.51
                              0.59             0.00             1.60
  124 AFMa311yh1  D14S1001           69.18            74.61            59.11
                              0.00             0.00             0.00
  125 AFMa162xa5  D14S982            69.18            74.61            59.11
                              0.00             0.00             0.00
  126 AFM277xe9   D14S271            69.18            74.61            59.11
                              0.00             0.00             0.00
  127 AFMb336xf5  D14S1026           69.18            74.61            59.11
                              0.00             0.00             0.00
  128 AFM058yh2   D14S63             69.18            74.61            59.11
                              0.00             0.00             0.00
  129 AFMa225xe1  D14S992            69.18            74.61            59.11
                              0.00             0.00             0.00
  130 AFMb329ze5  D14S1024           69.18            74.61            59.11
                              0.64             1.20             0.00
  131 AFM333zh5   D14S1046           69.82            75.81            59.11
                              0.00             0.00             0.00
  132 AFMa153te1  D14S981            69.82            75.81            59.11
                              0.00             0.00             0.77
  133 D14S57      D14S57             69.82            75.81            59.88
                              3.21             4.83             0.84
  134 AFM114yh10  D14S1069           73.03            80.64            60.72
                              0.98             0.00             1.60
  135 AFMa064zh5  D14S1065           74.01            80.64            62.32
                              0.00             0.00             0.00
  136 UT6923      D14S554            74.01            80.64            62.32
                              0.00             0.00             0.00
  137 Mfd326      D14S540            74.01            80.64            62.32
                              0.00             0.00             0.00
  138 UT601       D14S119            74.01            80.64            62.32
                              0.00             0.00             0.00
  139 UT1719      D14S125            74.01            80.64            62.32
                              0.95             2.41             0.00
  140 AFMb027yc9  D14S1011           74.96            83.05            62.32
                              0.65             1.21             0.00
  141 GGAT4A06    Unknown            75.61            84.26            62.32
                              0.00             0.00             0.00
  142 GGAA4A12    D14S588            75.61            84.26            62.32
                              0.67             1.07             0.16
  143 AFM224zf12  D14S258            76.28            85.33            62.48
                              0.00             0.00             0.09
  144 GATA28E10   D14S603            76.28            85.33            62.57
                              0.11             0.22             0.10
  145 AFM268ya9   D14S1029           76.39            85.55            62.67
                              0.16             0.48             0.07
  146 ATA4B10     D14S580            76.55            86.03            62.74
                              0.40             0.37             0.31
  147 AFM203zb2   D14S251            76.95            86.40            63.05
                              1.25             1.61             0.34
  148 AFM330za9   D14S289            78.20            88.01            63.39
                              0.20             1.60             0.00
  149 AFMa336yc5  D14S1002           78.40            89.61            63.39
                              0.67             0.00             0.00
  150 AFM295zd5   D14S277            79.07            89.61            63.39
                              0.87             1.07             0.00
  151 AFM265vb9   D14S268            79.94            90.68            63.39
                              0.88             0.00             4.27
  152 AFM218zh4   D14S77             80.82            90.68            67.66
                              0.00             0.00             0.00
  153 AFMb345wc1  D14S1028           80.82            90.68            67.66
                              1.74             2.14             0.00
  154 AFMb335xg5  D14S1025           82.56            92.82            67.66
                              0.00             0.00             0.00
  155 AFM197xf12  D14S71             82.56            92.82            67.66
                              0.00             0.00             0.00
  156 AFMa184xa5  D14S986            82.56            92.82            67.66
                              1.60             3.20             0.00
  157 AFM336wf5   D14S1047           84.16            96.02            67.66
                              0.00             0.00             0.00
  158 D14S43      D14S43             84.16            96.02            67.66
                              0.53             1.07             0.00
  159 AFM326tb5   D14S1045           84.69            97.09            67.66
                              0.00             0.00             0.00
  160 AFMa285wc9  D14S999            84.69            97.09            67.66
                              0.00             0.00             0.00
  161 GATA169E06  Unknown            84.69            97.09            67.66
                              0.00             0.00             0.00
  162 AFMc009wb5  D14S1036           84.69            97.09            67.66
                              0.00             0.00             0.00
  163 AFMa337zd5  D14S1004           84.69            97.09            67.66
                              0.00             0.00             0.00
  164 AFM283va9   D14S273            84.69            97.09            67.66
                              0.00             0.00             0.00
  165 AFM318th1   D14S284            84.69            97.09            67.66
                              0.00             0.00             0.00
  166 AFM214zg3   D14S76             84.69            97.09            67.66
                              1.60             2.13             1.06
  167 AFM270zh1   D14S270            86.29            99.22            68.72
                              0.00             0.00             0.00
  168 AFM025tc9   D14S61             86.29            99.22            68.72
                              0.00             0.00             0.00
  169 Mfd190      D14S53             86.29            99.22            68.72
                              1.07             2.13             0.00
  170 AFM158xb4   D14S983            87.36           101.35            68.72
                              0.00             0.00             0.00
  171 AFM214xf8   D14S254            87.36           101.35            68.72
                              0.00             0.00             0.00
  172 AFM210zh4   D14S74             87.36           101.35            68.72
                              0.00             0.00             0.00
  173 AFM254xa9   D14S263            87.36           101.35            68.72
                              0.00             0.00             0.00
  174 AFM301wh9   D14S279            87.36           101.35            68.72
                              0.00             0.00             0.00
  175 AFMb325wg9  D14S1020           87.36           101.35            68.72
                              0.00             0.00             0.00
  176 D14S59      D14S59             87.36           101.35            68.72
                              0.00             0.00             0.00
  177 UT924       D14S539            87.36           101.35            68.72
                              0.00             0.00             0.00
  178 UT6398      D14S555            87.36           101.35            68.72
                              1.83             1.34             2.13
  179 AFMb005wf5  D14S1008           89.19           102.69            70.85
                              0.00             0.00             0.00
  180 AFM324va9   D14S287            89.19           102.69            70.85
                              0.00             0.00             0.00
  181 D14S42      D14S42             89.19           102.69            70.85
                              2.43             4.01             1.07
  182 GATA30A03   D14S606            91.62           106.70            71.92
                              0.00             0.00             0.00
  183 AFMa285yb9  D14S1000           91.62           106.70            71.92
                              0.00             0.00             0.00
  184 UT2031      D14S127            91.62           106.70            71.92
                              0.00             0.00             0.00
  185 GATA65G10   Unknown            91.62           106.70            71.92
                              0.54             1.06             0.00
  186 AFMb361za5  D14S1035           92.16           107.76            71.92
                              0.53             1.07             0.00
  187 GATA70B06   D14S616            92.69           108.83            71.92
                              0.00             0.00             0.28
  188 Mfd198      D14S55             92.69           108.83            72.20
                              0.00             0.00             0.26
  189 AFMb328zb1  D14S1022           92.69           108.83            72.46
                              0.00             0.00             0.24
  190 AFMc013xd1  D14S1037           92.69           108.83            72.70
                              1.07             0.49             0.28
  191 AFM088xg5   D14S1052           93.76           109.32            72.98
                              0.00             0.58             0.00
  192 UT5122      D14S128            93.76           109.90            72.98
                              0.00             0.00             0.00
  193 GATA51G01   D14S612            93.76           109.90            72.98
                              0.00             0.00             0.00
  194 AFMa056wa5  D14S1061           93.76           109.90            72.98
                              0.00             0.00             0.00
  195 AFMa113zc5  D14S974            93.76           109.90            72.98
                              0.00             0.00             0.32
  196 AFM107xb12  D14S1063           93.76           109.90            73.30
                              2.13             2.13             0.32
  197 AFMb360zc1  D14S1033           95.89           112.03            73.62
                              0.00             0.00             0.75
  198 AFM203za11  D14S73             95.89           112.03            74.37
                              0.00             0.00             0.75
  199 UT1888      D14S779            95.89           112.03            75.12
                              0.00             0.00             0.00
  200 AFMa051xf5  D14S1058           95.89           112.03            75.12
                              0.00             0.00             0.00
  201 UT2084      D14S140            95.89           112.03            75.12
                              0.00             0.00             0.00
  202 GATA193A07  Unknown            95.89           112.03            75.12
                              0.00             0.00             0.00
  203 AFM137xh12  D14S67             95.89           112.03            75.12
                              0.00             0.00             0.00
  204 Mfd101A     D14S48             95.89           112.03            75.12
                              0.00             0.00             0.00
  205 GATA51E09   D14S610            95.89           112.03            75.12
                              0.00             0.00             0.00
* 206 GATA30H04   Unknown            95.89           112.03            75.12
                              0.00             0.00             0.00
  207 AFM164tb12  D14S68             95.89           112.03            75.12
                              0.53             1.08             0.00
  208 AFMa340zb1  D14S1005           96.42           113.11            75.12
                              0.00             0.00             0.00
  209 AFM224xb4   D14S256            96.42           113.11            75.12
                              2.54             2.88             2.13
  210 AFM112xh12  D14S1066           98.96           115.99            77.25
                              0.92             1.43             0.44
  211 AFM324vg5   D14S1044           99.88           117.42            77.69
                              5.12             7.53             2.77
  212 AFMa120xc1  D14S291           105.00           124.95            80.46
                              0.00             0.00             0.00
  213 AFM214ye5   D14S1015          105.00           124.95            80.46
                              0.00             0.00             0.00
  214 AFM304ya5   D14S280           105.00           124.95            80.46
                              0.00             0.00             0.00
  215 AFMa238wa9  D14S995           105.00           124.95            80.46
                              0.53             1.07             0.00
  216 GGAA21G11   D14S617           105.53           126.02            80.46
                              0.00             0.00             0.44
  217 UT1731      D14S126           105.53           126.02            80.90
                              1.60             2.13             0.40
  218 AFMa116zf5  D14S977           107.13           128.15            81.30
                              0.00             0.00             0.23
  219 AFMb308ze9  D14S1016          107.13           128.15            81.53
                              0.00             0.00             0.00
  220 UT5824      D14S553           107.13           128.15            81.53
                              0.00             0.00             0.00
  221 AFM343vf1   D14S1050          107.13           128.15            81.53
                              0.00             0.00             0.00
  222 AFMa112xc1  D14S973           107.13           128.15            81.53
                              0.20             1.01             0.00
* 223 GATA13B06   D14S302           107.33           129.16            81.53
                              0.89             1.14             0.00
* 224 GATA91G06   D14S749           108.22           130.30            81.53
                              0.00             0.00             0.00
  225 AFM260xb1   D14S81            108.22           130.30            81.53
                              0.55             0.00             1.11
  226 AFMa057vf1  D14S1062          108.77           130.30            82.64
                              2.50             3.78             1.10
  227 PI          Unknown           111.27           134.08            83.74
                              1.90             3.83             0.00
* 228 GATA168F06  D14S1434          113.17           137.91            83.74
                              0.00             0.00             0.00
  229 AFMb349yb1  D14S1030          113.17           137.91            83.74
                              0.00             0.00             0.00
  230 AFM361ta9   D14S1054          113.17           137.91            83.74
                              0.00             0.00             0.00
  231 AFM136yb4   D14S265           113.17           137.91            83.74
                              1.09             1.08             1.11
  232 AFMa238ze9  D14S996           114.26           138.99            84.85
                              0.00             0.00             0.00
  233 AFM027xb3   D14S62            114.26           138.99            84.85
                              0.55             0.00             1.11
  234 AFM161yd12  D14S987           114.81           138.99            85.96
                              0.00             0.00             0.00
  235 GATA29F03   D14S605           114.81           138.99            85.96
                              0.39             0.74             0.00
  236 UT474       D14S131           115.20           139.73            85.96
                              0.40             0.82             0.00
  237 D14S51      D14S51            115.60           140.55            85.96
                              0.31             0.62             0.00
* 238 AFMa130yc9  D14S979           115.91           141.17            85.96
                              0.00             0.00             0.00
  239 GATA51F04   D14S611           115.91           141.17            85.96
                              0.00             0.00             0.00
  240 AFMa066yd9  D14S1067          115.91           141.17            85.96
                              1.39             1.07             0.00
  241 AFM093yg5   D14S65            117.30           142.24            85.96
                              0.45             0.00             3.01
  242 AFMa283xc1  D14S998           117.75           142.24            88.97
                              0.93             0.00             1.54
  243 AFMb323ye9  D14S1019          118.68           142.24            90.51
                              0.00             0.00             0.00
  244 ATA27B04    Unknown           118.68           142.24            90.51
                              3.27             0.00             7.32
  245 AFM263wh9   D14S267           121.95           142.24            97.83
                              3.93             4.32             2.88
  246 AFM203ve5   D14S250           125.88           146.56           100.71
                              0.00             0.00             0.00
  247 UT561       D14S543           125.88           146.56           100.71
                              0.00             0.00             0.00
  248 AFM234we5   D14S78            125.88           146.56           100.71
                              0.00             0.00             0.00
  249 GATA136B01  D14S1426          125.88           146.56           100.71
                              0.73             1.08             0.00
  250 AFMa346xg9  D14S1006          126.61           147.64           100.71
                              0.00             0.00             0.00
  251 AFMa175ye5  D14S985           126.61           147.64           100.71
                              4.17             2.03             5.87
  252 AFM345wb9   D14S1051          130.78           149.67           106.58
                              2.25             2.36             2.93
  253 AFMa143xb5  D14S293           133.03           152.03           109.51
                              0.00             0.00             0.00
  254 UT562       D14S118           133.03           152.03           109.51
                              0.00             0.00             0.00
  255 UT7282      D14S557           133.03           152.03           109.51
                              0.00             0.00             0.00
  256 AFM281wg1   D14S272           133.03           152.03           109.51
                              1.27             0.00             2.16
  257 AFM238we7   D14S260           134.30           152.03           111.67
                              0.00             0.00             0.00
  258 AFMb025xa9  D14S1010          134.30           152.03           111.67
                              0.00             0.00             1.59
  259 AFMa120xg5  D14S292           134.30           152.03           113.26
                              3.88             2.56             4.08
  260 AFMb002zf1  D14S1007          138.18           154.59           117.34
                              0.00             0.00             0.00
  261 UT699       D14S544           138.18           154.59           117.34
