      Marker      Dnumber      sex-ave(cM)      female(cM)        male(cM)

    1 AFMc024za5  D17S1866            0.00             0.00             0.00
                              0.63             0.00             1.25
    2 AFM234wg3   D17S849             0.63             0.00             1.25
                              0.00             0.00             0.00
    3 GTAT1A05    D17S1308            0.63             0.00             1.25
                              0.00             0.00             0.00
    4 AFM207xa11  D17S926             0.63             0.00             1.25
                              0.66             0.00             1.32
    5 AFMb055xe1  D17S1840            1.29             0.00             2.57
                              2.38             0.00             4.94
    6 UT269       Unknown             3.67             0.00             7.51
                              0.25             0.00             0.35
    7 AFM022xb6   D17S1529            3.92             0.00             7.86
                              0.04             0.00             0.07
    8 UT137       D17S596             3.96             0.00             7.93
                              0.03             0.00             0.05
    9 GATA115E06  Unknown             3.99             0.00             7.98
                              2.61             0.00             5.28
   10 AFMa202xf5  D17S1798            6.60             0.00            13.26
                              0.00             0.00             0.00
*  11 AFM058xf4   D17S831             6.60             0.00            13.26
                              0.00             0.00             0.00
   12 AFMa345zg1  D17S1528            6.60             0.00            13.26
                              0.59             0.00             1.19
   13 AFMb307zg5  D17S1845            7.19             0.00            14.45
                              2.83             0.99             3.57
   14 AFM023tg5   D17S829            10.02             0.99            18.02
                              0.00             1.17             0.00
   15 AFMb013zb1  D17S1828           10.02             2.16            18.02
                              0.70             0.00             1.18
   16 AFMa061za9  D17S1876           10.72             2.16            19.20
                              0.00             0.00             0.00
   17 GAAT2C03    D17S1298           10.72             2.16            19.20
                              1.18             1.08             1.18
   18 AFMa282yd9  D17S1810           11.90             3.24            20.38
                              1.17             0.00             2.38
   19 AFMb022wf9  D17S1832           13.07             3.24            22.76
                              0.00             0.00             2.39
   20 UT225       D17S678            13.07             3.24            25.15
                              0.00             0.00             0.00
*  21 UT158       D17S595            13.07             3.24            25.15
                              0.00             0.00             0.00
   22 UT222       D17S675            13.07             3.24            25.15
                              1.62             1.08             0.00
   23 AFM263wh5   D17S938            14.69             4.32            25.15
                              0.00             0.00             0.00
   24 AFM177xh6   D17S796            14.69             4.32            25.15
                              0.00             0.00             0.00
   25 UT1985      D17S919            14.69             4.32            25.15
                              0.00             0.00             0.00
   26 UT751       D17S906            14.69             4.32            25.15
                              0.00             0.00             0.00
   27 GATA193B03  Unknown            14.69             4.32            25.15
                              0.00             0.00             0.00
   28 UT5265      D17S1149           14.69             4.32            25.15
                              0.00             0.00             0.00
   29 GATA158H04  Unknown            14.69             4.32            25.15
                              0.00             0.00             0.00
   30 UT39        D17S720            14.69             4.32            25.15
                              0.00             0.00             0.00
*  31 UT49        D17S731            14.69             4.32            25.15
                              0.00             0.00             0.00
   32 AFMa090xe5  D17S1881           14.69             4.32            25.15
                              0.00             0.00             0.00
   33 Mfd152      D17S578            14.69             4.32            25.15
                              1.08             2.15             0.00
   34 AFMa120xd5  D17S960            15.77             6.47            25.15
                              0.00             0.00             0.00
   35 AFM070xg5   D17S1353           15.77             6.47            25.15
                              0.00             0.00             0.00
   36 AFMa298wa9  D17S1812           15.77             6.47            25.15
                              0.00             0.00             0.00
   37 AFMa183ye1  D17S1796           15.77             6.47            25.15
                              0.00             0.00             0.00
   38 AFMb346yc5  D17S1854           15.77             6.47            25.15
                              1.07             0.70             1.07
   39 AFMa223yb1  D17S1805           16.84             7.17            26.22
                              0.00             0.38             0.00
   40 AFMb304xd5  D17S1844           16.84             7.55            26.22
                              0.00             0.00             0.00
   41 UT184       D17S647            16.84             7.55            26.22
                              0.54             0.00             1.08
   42 AFM302wh9   D17S952            17.38             7.55            27.30
                              0.00             0.00             0.00
   43 AFM051xd10  D17S786            17.38             7.55            27.30
                              0.00             0.00             0.00
   44 AFMb362yg1  D17S1858           17.38             7.55            27.30
                              0.54             1.08             0.00
   45 AFMa134xh5  D17S1791           17.92             8.63            27.30
                              3.09             2.88             3.23
   46 AFM225zc1   D17S804            21.01            11.51            30.53
                              0.00             0.00             0.00
   47 AFM282yd1   D17S945            21.01            11.51            30.53
                              1.23             1.44             1.08
   48 AFMa070tc5  D17S1879           22.24            12.95            31.61
                              0.00             0.00             0.00
   49 GATA8C04    D17S974            22.24            12.95            31.61
                              0.00             0.00             0.00
*  50 UT5567      D17S1159           22.24            12.95            31.61
                              0.00             0.00             0.00
   51 AFM316vg1   D17S954            22.24            12.95            31.61
                              0.00             0.00             0.00
   52 AFMb336zg9  D17S1852           22.24            12.95            31.61
                              0.00             0.00             0.00
   53 Mfd144A     D17S520            22.24            12.95            31.61
                              0.00             0.00             0.00
   54 GATA134G03  Unknown            22.24            12.95            31.61
                              1.32             0.00             3.20
*  55 GATA64B04   D17S1303           23.56            12.95            34.81
                              1.58             2.88             0.00
   56 UT65        D17S748            25.14            15.83            34.81
                              0.00             0.00             0.00
   57 AFMa054yh9  D17S1875           25.14            15.83            34.81
                              1.63             0.97             2.15
   58 UT223       D17S676            26.77            16.80            36.96
                              0.98             0.47             1.31
   59 GATA10H07   D17S969            27.75            17.27            38.27
                              4.21             3.24             5.16
   60 AFMa219ye9  D17S1803           31.96            20.51            43.43
                              0.00             0.00             0.00
   61 UT176       D17S639            31.96            20.51            43.43
                              0.00             0.00             0.00
   62 ATA78D02    Unknown            31.96            20.51            43.43
                              0.00             0.00             0.00
   63 AFM290vc9   D17S947            31.96            20.51            43.43
                              0.00             0.00             0.00
   64 AFM192yh2   D17S799            31.96            20.51            43.43
                              0.00             0.00             0.00
   65 AFM260yg5   D17S936            31.96            20.51            43.43
                              0.00             0.00             0.00
   66 AFMa272xb9  D17S1808           31.96            20.51            43.43
                              3.59             4.31             2.86
   67 AFMb355zf5  D17S1856           35.55            24.82            46.29
                              0.00             0.00             0.00
   68 AFM197xh6   D17S922            35.55            24.82            46.29
                              0.59             0.00             1.42
   69 AFM191xh12  D17S921            36.14            24.82            47.71
                              0.00             0.00             0.00
   70 UT405       D17S900            36.14            24.82            47.71
                              1.17             1.97             0.00
   71 AFM317yg1   D17S955            37.31            26.79            47.71
                              0.49             1.29             0.00
   72 AFM200yb12  D17S839            37.80            28.08            47.71
                              3.32             6.61             0.00
   73 AFMb302yd9  D17S1843           41.12            34.69            47.71
                              0.00             0.00             0.00
   74 UT1860      D17S918            41.12            34.69            47.71
                              0.00             0.00             0.00
   75 pRM11GT     D17S122            41.12            34.69            47.71
                              0.00             0.00             0.00
   76 165zd4A     Unknown            41.12            34.69            47.71
                              0.00             0.00             0.00
   77 Mfd41       D17S261            41.12            34.69            47.71
                              1.89             3.80             0.00
   78 AFM304xh5   D17S953            43.01            38.49            47.71
                              0.00             0.00             0.00
   79 AFMb357yg9  D17S1857           43.01            38.49            47.71
                              1.61             3.26             0.00
   80 GATA185H04  D17S2196           44.62            41.75            47.71
                              0.00             0.00             0.00
   81 UT57        Unknown            44.62            41.75            47.71
                              0.00             0.00             0.00
   82 D17S740     D17S740            44.62            41.75            47.71
                              1.31             2.62             0.00
   83 ATA1H07     D17S1288           45.93            44.37            47.71
                              1.07             2.14             0.00
   84 AFM026vh7   D17S783            47.00            46.51            47.71
                              0.00             0.00             0.00
   85 UT26        D17S700            47.00            46.51            47.71
                              0.00             0.00             0.00
   86 UT159       D17S620            47.00            46.51            47.71
                              0.00             0.00             0.00
   87 165zd4      D17S793            47.00            46.51            47.71
                              0.00             0.00             0.34
   88 AFMa151wg5  D17S1794           47.00            46.51            48.05
                              0.00             0.00             0.30
   89 UT38        D17S719            47.00            46.51            48.35
                              0.00             0.00             0.09
   90 ATA58E08    Unknown            47.00            46.51            48.44
                              0.00             0.00             0.12
   91 UT263       D17S689            47.00            46.51            48.56
                              0.00             0.00             0.14
   92 AFM234ta1   D17S805            47.00            46.51            48.70
                              1.07             0.59             0.08
   93 AFM350zb1   D17S959            48.07            47.10            48.78
                              0.00             0.49             0.00
   94 AFM347xa9   D17S1871           48.07            47.59            48.78
                              0.00             0.00             0.00
   95 GATA70H05   Unknown            48.07            47.59            48.78
                              1.60             3.21             0.00
   96 UT25        D17S696            49.67            50.80            48.78
                              0.00             0.00             0.00
   97 AFMb002yc1  D17S1824           49.67            50.80            48.78
                              0.00             0.00             0.00
   98 AFM206yh8   D17S925            49.67            50.80            48.78
                              0.53             1.07             0.00
   99 UT2519      D17S1157           50.20            51.87            48.78
                              0.00             0.00             0.00
  100 AFM240xe5   D17S842            50.20            51.87            48.78
                              0.00             0.00             0.00
  101 AFM207yd2   D17S1841           50.20            51.87            48.78
                              0.00             0.00             0.00
  102 AFMa046yb1  D17S1873           50.20            51.87            48.78
                              0.54             1.07             0.00
  103 GGAT2C07    D17S975            50.74            52.94            48.78
                              0.00             0.00             0.00
  104 AFM205xd6   D17S1837           50.74            52.94            48.78
                              0.00             0.00             0.00
  105 AFMa066zf9  D17S1878           50.74            52.94            48.78
                              0.00             0.00             0.00
  106 GGAA9D03    D17S1294           50.74            52.94            48.78
                              0.00             0.00             0.00
  107 AFMb322wg5  D17S1849           50.74            52.94            48.78
                              0.00             0.00             0.00
  108 AFM238vb10  D17S841            50.74            52.94            48.78
                              0.00             0.00             0.00
  109 UT80        D17S1166           50.74            52.94            48.78
                              0.00             0.00             0.00
  110 AFM260yd5   D17S935            50.74            52.94            48.78
                              0.00             0.00             0.00
  111 AFMc003ze1  D17S1863           50.74            52.94            48.78
                              0.89             1.79             0.00
  112 AFMa216za5  D17S1800           51.63            54.73            48.78
                              1.78             3.59             0.00
  113 AFM179xg11  D17S798            53.41            58.32            48.78
                              0.00             0.00             0.00
  114 AFMa072zh9  D17S1880           53.41            58.32            48.78
                              0.76             1.66             0.00
  115 GATA169F02  Unknown            54.17            59.98            48.78
                              0.00             0.00             0.00
  116 GGAT12D10   D17S1540           54.17            59.98            48.78
                              1.16             3.35             0.00
  117 AFMb322xh1  D17S1850           55.33            63.33            48.78
                              1.15             0.00             0.35
  118 UT77        D17S758            56.48            63.33            49.13
                              0.00             0.00             0.20
  119 UT265       D17S691            56.48            63.33            49.33
                              0.00             0.00             0.25
  120 UT172       D17S635            56.48            63.33            49.58
                              0.00             0.00             0.27
  121 GGAA7D11    D17S1293           56.48            63.33            49.85
                              0.00             0.00             0.00
  122 UT66        D17S749            56.48            63.33            49.85
                              1.23             2.51             0.00
  123 AFM211zd12  D17S1842           57.71            65.84            49.85
                              0.00             0.00             0.00
  124 AFMb026xc9  D17S1833           57.71            65.84            49.85
                              0.00             0.00             0.00
  125 D17S118     D17S118            57.71            65.84            49.85
                              0.00             0.00             0.00
  126 UT752       D17S907            57.71            65.84            49.85
                              0.00             0.00             0.00
  127 AFM254vg5   D17S933            57.71            65.84            49.85
                              0.00             0.00             0.00
  128 AFMb308ze1  D17S1846           57.71            65.84            49.85
                              0.00             0.00             0.00
  129 AFM350za5   D17S1872           57.71            65.84            49.85
                              0.54             1.08             0.00
  130 AFMa124yd9  D17S1788           58.25            66.92            49.85
                              0.00             0.00             0.00
  131 AFM210zc7   D17S927            58.25            66.92            49.85
                              0.00             0.00             0.00
  132 UT2558      D17S1158           58.25            66.92            49.85
                              0.00             0.00             0.00
  133 UT290       D17S966            58.25            66.92            49.85
                              1.07             2.16             0.00
  134 AFM296tb5   D17S1867           59.32            69.08            49.85
                              1.08             1.08             1.07
  135 AFMa312zc9  D17S1818           60.40            70.16            50.92
                              0.00             0.00             0.00
  136 AFM283zb9   D17S946            60.40            70.16            50.92
                              0.00             0.00             0.00
  137 AFMb332yb5  D17S1851           60.40            70.16            50.92
                              0.00             0.00             0.00
  138 AFMb037ye5  D17S1836           60.40            70.16            50.92
                              0.54             1.08             0.00
  139 AFM172ya1   D17S838            60.94            71.24            50.92
                              0.54             1.08             0.00
* 140 AFMa302yb5  D17S1814           61.48            72.32            50.92
                              0.00             0.00             0.00
  141 UT205       D17S656            61.48            72.32            50.92
                              0.00             0.00             0.00
  142 UT53        D17S736            61.48            72.32            50.92
                              0.00             0.00             0.00
  143 UT186       D17S649            61.48            72.32            50.92
                              0.53             0.00             1.07
  144 UT394       D17S702            62.01            72.32            51.99
                              0.00             0.00             0.00
  145 AFM200zf4   D17S800            62.01            72.32            51.99
                              0.00             0.00             0.00
  146 AFMa119yd1  D17S1787           62.01            72.32            51.99
                              0.00             0.00             0.00
  147 UT1598      Unknown            62.01            72.32            51.99
                              0.00             0.00             0.00
  148 Mfd15A      D17S250            62.01            72.32            51.99
                              0.00             0.00             0.00
  149 GATA25A04   D17S1299           62.01            72.32            51.99
                              0.00             0.00             0.00
  150 UT8         D17S760            62.01            72.32            51.99
                              0.00             0.00             0.00
  151 UT8182      D17S1563           62.01            72.32            51.99
                              1.08             2.15             0.00
  152 AFM248yg9   D17S932            63.09            74.47            51.99
                              0.00             0.00             0.00
  153 AFMa134vc1  D17S1789           63.09            74.47            51.99
                              0.00             0.00             0.00
  154 AFMa218zh1  D17S1801           63.09            74.47            51.99
                              0.00             0.00             0.00
  155 AFMa143xh5  D17S1793           63.09            74.47            51.99
                              0.53             1.07             0.00
  156 AFM298wg5   D17S951            63.62            75.54            51.99
                              0.00             0.00             0.00
  157 AFM298wa5   D17S950            63.62            75.54            51.99
                              0.00             0.00             0.00
  158 AFMb364yh9  D17S1860           63.62            75.54            51.99
                              0.00             0.00             0.00
  159 AFMa222zg9  D17S1804           63.62            75.54            51.99
                              0.00             0.00             0.00
  160 AFM248yg1   D17S810            63.62            75.54            51.99
                              0.00             0.00             0.00
* 161 AFMb364zg5  D17S1861           63.62            75.54            51.99
                              0.00             0.00             0.00
  162 AFM256vb9   D17S934            63.62            75.54            51.99
                              0.54             1.08             0.00
  163 AFM155xd12  D17S791            64.16            76.62            51.99
                              0.00             0.00             0.00
  164 AFMb031wf5  D17S1834           64.16            76.62            51.99
                              0.00             0.00             0.00
  165 AFM301ye5   D17S1868           64.16            76.62            51.99
                              0.00             0.00             0.00
  166 UT573       D17S902            64.16            76.62            51.99
                              0.00             0.00             0.00
  167 UT1598II    Unknown            64.16            76.62            51.99
                              0.00             0.00             0.00
  168 UT956       D17S965            64.16            76.62            51.99
                              0.00             0.00             0.00
  169 AFM240yg7   D17S930            64.16            76.62            51.99
                              0.00             0.00             0.00
  170 AFM186xa1   D17S920            64.16            76.62            51.99
                              0.00             0.00             0.00
  171 AFMa219wd1  D17S1802           64.16            76.62            51.99
                              0.00             0.00             0.45
  172 UT67        D17S750            64.16            76.62            52.44
                              2.69             4.32             0.63
  173 AFM234td2   D17S806            66.85            80.94            53.07
                              0.00             0.00             0.00
  174 ATC6A06     D17S2180           66.85            80.94            53.07
                              0.00             0.00             0.00
  175 AFM248tg5   D17S931            66.85            80.94            53.07
                              0.00             0.00             0.00
  176 AFMa110wb5  D17S1785           66.85            80.94            53.07
                              0.00             0.00             0.00
  177 AFM323yg9   D17S958            66.85            80.94            53.07
                              0.00             0.00             0.00
  178 AFM179xa1   D17S797            66.85            80.94            53.07
                              0.00             0.00             0.00
  179 UT649       D17S1150           66.85            80.94            53.07
                              0.00             0.00             0.00
  180 AFMb363yf9  D17S1859           66.85            80.94            53.07
                              0.00             0.00             0.00
  181 UT267       D17S693            66.85            80.94            53.07
                              0.00             0.00             0.00
  182 AFMb010xa5  D17S1827           66.85            80.94            53.07
                              1.59             3.39             0.00
  183 AFM269zb1   D17S943            68.44            84.33            53.07
                              0.00             0.00             0.00
  184 AFMa154za9  D17S1795           68.44            84.33            53.07
                              1.48             2.45             0.46
  185 AFM309wf1   D17S1869           69.92            86.78            53.53
                              2.01             3.45             0.61
  186 AFM269xd1   D17S941            71.93            90.23            54.14
                              0.00             0.00             0.00
  187 AFMa351we1  D17S1820           71.93            90.23            54.14
                              1.69             2.63             0.13
  188 AFM319wc1   D17S956            73.62            92.86            54.27
                              0.00             0.00             0.04
  189 AFMa306ye1  D17S1815           73.62            92.86            54.31
                              0.00             0.00             0.49
  190 AFM095zd11  D17S788            73.62            92.86            54.80
                              0.83             1.31             0.22
  191 UT7         D17S752            74.45            94.17            55.02
                              0.00             0.00             0.19
  192 GATA185B11  Unknown            74.45            94.17            55.21
                              0.00             0.00             0.00
  193 AFM022tf4   D17S1877           74.45            94.17            55.21
                              0.00             0.00             0.00
  194 AFMc023xc5  D17S1865           74.45            94.17            55.21
                              0.00             0.00             0.00
  195 AFM248tb9   D17S809            74.45            94.17            55.21
                              0.31             0.58             0.00
  196 AFM151xa11  D17S790            74.76            94.75            55.21
                              0.23             0.50             0.00
  197 AFM095tc5   D17S787            74.99            95.25            55.21
                              0.00             0.00             0.00
  198 AFMa216xe5  D17S1799           74.99            95.25            55.21
                              1.19             2.16             0.00
  199 UT5239      D17S916            76.18            97.41            55.21
                              0.00             0.00             0.00
  200 AFMa046zg1  D17S1607           76.18            97.41            55.21
                              0.00             0.00             1.20
  201 UT217       D17S669            76.18            97.41            56.41
                              4.20             6.51             0.96
  202 AFM338xg5   D17S1606           80.38           103.92            57.37
                              0.00             0.00             0.00
  203 AFMb344we1  D17S1853           80.38           103.92            57.37
                              0.00             0.00             0.00
  204 AFM323wd9   D17S957            80.38           103.92            57.37
                              0.00             0.00             0.00
  205 UT5608      D17S1160           80.38           103.92            57.37
                              1.08             2.18             0.00
  206 AFMa163tf9  D17S1604           81.46           106.10            57.37
                              0.54             1.08             0.00
  207 UT402       D17S701            82.00           107.18            57.37
                              0.00             0.00             0.00
  208 AFM203wh4   D17S924            82.00           107.18            57.37
                              0.00             0.00             0.00
  209 UT6104      D17S1161           82.00           107.18            57.37
                              0.00             0.00             0.00
  210 AFM200va9   D17S923            82.00           107.18            57.37
                              0.00             0.00             0.00
* 211 UT214       D17S666            82.00           107.18            57.37
                              0.00             0.00             0.00
  212 UT1443      D17S1154           82.00           107.18            57.37
                              0.00             0.00             0.00
  213 GATA49C09   D17S1290           82.00           107.18            57.37
                              0.56             0.00             1.07
  214 AFMb354we1  D17S1855           82.56           107.18            58.44
                              0.00             0.00             0.00
  215 AFMb048zc1  D17S1838           82.56           107.18            58.44
                              0.00             0.00             0.00
  216 AFMb035xc5  D17S1835           82.56           107.18            58.44
                              0.00             0.00             0.00
  217 AFMa290we1  D17S1811           82.56           107.18            58.44
                              0.00             0.00             0.00
  218 AFM238yf8   D17S808            82.56           107.18            58.44
                              0.00             0.00             0.00
  219 AFM158xc3   D17S792            82.56           107.18            58.44
                              0.00             0.00             0.00
  220 AFM070yb11  D17S1605           82.56           107.18            58.44
                              0.00             0.00             0.00
  221 AFM291ve9   D17S948            82.56           107.18            58.44
                              0.00             0.00             0.00
  222 UT170       D17S633            82.56           107.18            58.44
                              0.00             0.00             0.00
  223 GH1         Unknown            82.56           107.18            58.44
                              0.00             0.00             0.00
  224 UT1514      D17S917            82.56           107.18            58.44
                              0.00             0.00             0.00
  225 AFM277vg9   D17S944            82.56           107.18            58.44
                              0.84             1.71             0.00
  226 ATA8B07     D17S1297           83.40           108.89            58.44
                              0.00             0.00             0.00
  227 ATA22D07    D17S1295           83.40           108.89            58.44
                              0.00             0.00             0.00
  228 AFM168xd12  D17S794            83.40           108.89            58.44
                              2.54             5.21             0.00
  229 AFMa137xh5  D17S1792           85.94           114.10            58.44
                              0.00             0.00             0.00
  230 AFMa275zh9  D17S1809           85.94           114.10            58.44
                              0.00             0.00             0.00
  231 AFMa339yc9  D17S1819           85.94           114.10            58.44
                              0.00             0.00             0.00
  232 AFM234xc9   D17S807            85.94           114.10            58.44
                              0.00             0.00             0.00
  233 AFMa310ze5  D17S1816           85.94           114.10            58.44
                              0.00             0.00             0.00
  234 AFMa351zc9  D17S1821           85.94           114.10            58.44
                              0.00             0.00             0.00
  235 AFMa051xg5  D17S1874           85.94           114.10            58.44
                              0.00             0.00             0.00
  236 AFM269yf1   D17S942            85.94           114.10            58.44
                              0.00             0.00             0.00
  237 AFMa102ze9  D17S1882           85.94           114.10            58.44
                              0.00             0.00             0.00
  238 AFMb007yd5  D17S1825           85.94           114.10            58.44
                              2.12             3.06             1.07
  239 AFMa300xa5  D17S1813           88.06           117.16            59.51
                              0.70             1.53             0.00
  240 AFM323tb1   D17S1870           88.76           118.69            59.51
                              0.00             0.00             0.00
  241 ATA108A05   Unknown            88.76           118.69            59.51
                              0.56             0.00             1.07
  242 AFM107yb8   D17S789            89.32           118.69            60.58
                              0.00             0.00             0.00
  243 AFM175xg3   D17S795            89.32           118.69            60.58
                              0.00             0.00             0.00
  244 AFMa112yb5  D17S1786           89.32           118.69            60.58
                              0.00             0.00             0.00
  245 ATA43A10    D17S2193           89.32           118.69            60.58
                              0.57             1.16             0.00
  246 AFM268yd5   D17S940            89.89           119.85            60.58
                              0.00             0.00             0.00
  247 GATA124C10  Unknown            89.89           119.85            60.58
                              3.38             5.76             1.07
  248 AFM292vh9   D17S949            93.27           125.61            61.65
                              0.00             0.00             0.00
  249 AFM207vf4   D17S840            93.27           125.61            61.65
                              0.00             0.00             0.00
  250 GATA31B11   D17S2059           93.27           125.61            61.65
                              0.71             0.00             1.34
  251 AFM189yb8   D17S1350           93.98           125.61            62.99
                              0.00             0.00             0.00
  252 UT266       D17S692            93.98           125.61            62.99
                              0.00             0.00             0.00
  253 UT76        D17S757            93.98           125.61            62.99
                              0.00             0.00             0.00
  254 GATA69E11   D17S1304           93.98           125.61            62.99
                              2.01             0.00             4.03
  255 AFMb008yg1  D17S1826           95.99           125.61            67.02
                              0.00             0.00             0.00
  256 AFMb319xc9  D17S1848           95.99           125.61            67.02
                              0.00             0.00             0.00
  257 AFMa346xg5  D17S1351           95.99           125.61            67.02
                              0.00             0.00             0.00
  258 AFMa202xd1  D17S1797           95.99           125.61            67.02
                              1.57             2.15             0.96
  259 UT9         D17S515            97.56           127.76            67.98
                              0.02             0.00             0.05
  260 D17S503     D17S503            97.58           127.76            68.03
                              0.02             0.00             0.06
  261 AFMa356zg5  D17S1823           97.60           127.76            68.09
                              0.00             0.00             0.00
  262 AFMc001yc9  D17S1862           97.60           127.76            68.09
                              0.00             0.00             0.00
  263 AFMb021yf9  D17S1831           97.60           127.76            68.09
                              0.54             1.08             0.00
  264 AFMa247zg9  D17S1352           98.14           128.84            68.09
                              0.00             0.00             0.00
  265 UT156       D17S617            98.14           128.84            68.09
                              0.00             0.00             0.00
  266 AFMb016xc1  D17S1829           98.14           128.84            68.09
                              1.07             2.15             0.00
  267 AFMa133yg9  D17S1602           99.21           130.99            68.09
                              0.00             0.00             0.00
* 268 AFMa247xc5  D17S1807           99.21           130.99            68.09
                              0.00             0.00             0.00
  269 AFMc008we1  D17S1864           99.21           130.99            68.09
                              0.00             0.00             0.00
  270 UT187       D17S650            99.21           130.99            68.09
                              0.00             0.00             0.00
  271 AFM074zf7   D17S929            99.21           130.99            68.09
                              0.00             0.00             0.00
* 272 GATA65G11   Unknown            99.21           130.99            68.09
                              0.81             0.00             1.62
  273 GATA28D11   D17S1301          100.02           130.99            69.71
                              2.44             3.23             1.61
  274 AFMb054zf9  D17S1839          102.46           134.22            71.32
                              0.00             0.00             0.00
  275 UT142       Unknown           102.46           134.22            71.32
                              0.53             0.00             1.07
  276 AFMa135xd5  D17S1603          102.99           134.22            72.39
                              0.54             1.08             0.00
  277 AFM203xg5   D17S801           103.53           135.30            72.39
                              0.00             0.00             0.00
  278 UT138       D17S597           103.53           135.30            72.39
                              0.00             0.00             0.00
  279 AFMa312ya5  D17S1817          103.53           135.30            72.39
                              0.00             0.00             0.00
  280 AFM049xc1   D17S785           103.53           135.30            72.39
                              0.00             0.00             0.99
  281 GATA155H02  Unknown           103.53           135.30            73.38
                              2.15             0.54             1.17
  282 UT40        D17S722           105.68           135.84            74.55
                              0.00             1.64             0.00
* 283 UT952       Unknown           105.68           137.48            74.55
                              0.00             0.00             0.00
  284 UT27        D17S705           105.68           137.48            74.55
                              0.00             0.00             0.00
  285 UT211       D17S663           105.68           137.48            74.55
                              0.00             0.00             0.00
  286 AFM107ye3   D17S937           105.68           137.48            74.55
                              0.00             0.00             0.00
  287 UT69        D17S751           105.68           137.48            74.55
                              0.00             0.00             0.00
  288 AFMa134wa9  D17S1790          105.68           137.48            74.55
                              0.00             0.00             0.00
  289 AFM267xh1   D17S939           105.68           137.48            74.55
                              1.12             2.18             0.00
  290 AFM210xa5   D17S802           106.80           139.66            74.55
                              0.00             0.00             0.00
  291 ATA58A02    Unknown           106.80           139.66            74.55
                              4.42             2.67             5.41
  292 AFMb310yf5  D17S1847          111.22           142.33            79.96
                              1.70             2.86             1.96
  293 AFM163yg1   D17S836           112.92           145.19            81.92
                              1.49             0.00             2.38
  294 AFMa238yb5  D17S1806          114.41           145.19            84.30
                              0.00             0.00             0.00
  295 UT61        D17S745           114.41           145.19            84.30
                              2.45             2.18             2.09
  296 AFM044xg3   D17S784           116.86           147.37            86.39
                              0.00             0.00             0.00
  297 UT161       D17S623           116.86           147.37            86.39
                              0.00             0.00             0.00
  298 AFMa353yg1  D17S1822          116.86           147.37            86.39
                              0.00             0.00             0.00
  299 AFMb019zg5  D17S1830          116.86           147.37            86.39
                              4.28             0.05             9.44
  300 UT962       D17S914           121.14           147.42            95.83
                              5.32             1.12             9.24
  301 AFM217yd10  D17S928           126.46           148.54           105.07
                              0.00             0.00             0.00
  302 UT216       D17S668           126.46           148.54           105.07
                              0.00             0.00             0.00
  303 17QTEL13    D17S2200          126.46           148.54           105.07
