      Marker      Dnumber      sex-ave(cM)      female(cM)        male(cM)

    1 ATA2G02     Unknown             0.00             0.00             0.00
                              1.79             0.00             2.60
    2 GATA198B05  Unknown             1.79             0.00             2.60
                              2.27             3.32             0.00
    3 AFM217xf4   D22S420             4.06             3.32             2.60
                              4.26             4.51             5.42
    4 AFM288we5   D22S427             8.32             7.83             8.02
                              5.25             7.52             3.00
    5 265yf5      D22S425            13.57            15.35            11.02
                              0.03             0.00             0.65
    6 GGAA10F06   D22S686            13.60            15.35            11.67
                              0.84             0.00             0.82
    7 AFMa037zd1  D22S539            14.44            15.35            12.49
                              0.00             0.00             0.00
    8 AFM292va9   D22S446            14.44            15.35            12.49
                              3.27             5.91             0.00
    9 Mfd51       D22S257            17.71            21.26            12.49
                              0.39             0.71             0.00
   10 GCT10C10    Unknown            18.10            21.97            12.49
                              1.22             2.21             0.00
   11 UT8049      D22S536            19.32            24.18            12.49
                              0.00             0.00             1.08
*  12 AFM309wd5   D22S1174           19.32            24.18            13.57
                              0.00             0.00             0.00
   13 TOP1P2      Unknown            19.32            24.18            13.57
                              0.00             0.00             0.65
   14 Mfd33A      D22S156            19.32            24.18            14.22
                              2.15             3.24             0.43
   15 CRYB2A      Unknown            21.47            27.42            14.65
                              0.00             0.00             0.00
   16 AFMa134yf9  D22S925            21.47            27.42            14.65
                              0.00             0.00             0.00
   17 AFM291ve5   D22S926            21.47            27.42            14.65
                              0.00             0.00             0.00
   18 AFM211yf10  D22S419            21.47            27.42            14.65
                              0.00             0.00             0.00
   19 AFM183xe9   D22S315            21.47            27.42            14.65
                              0.00             0.00             0.00
   20 AFMb305yc5  D22S1164           21.47            27.42            14.65
                              0.00             0.00             0.00
   21 AFMa239wh1  D22S1148           21.47            27.42            14.65
                              0.00             0.00             0.00
*  22 AFM234vh2   D22S421            21.47            27.42            14.65
                              0.54             1.08             0.00
   23 AFM343ye9   D22S429            22.01            28.50            14.65
                              0.00             0.26             0.00
   24 UT7154      D22S533            22.01            28.76            14.65
                              1.36             0.31             2.14
   25 AFMa298yb5  D22S1154           23.37            29.07            16.79
                              0.00             0.27             0.00
   26 D22S310     D22S310            23.37            29.34            16.79
                              1.37             0.25             2.71
   27 AFMb320ve9  D22S1167           24.74            29.59            19.50
                              2.74             2.21             2.67
   28 AFM331wc9   D22S1175           27.48            31.80            22.17
                              0.00             0.00             0.00
   29 UT5900      D22S531            27.48            31.80            22.17
                              0.00             0.00             0.00
   30 UT7995      D22S535            27.48            31.80            22.17
                              0.00             0.00             0.00
   31 AFMa190we5  D22S1144           27.48            31.80            22.17
                              0.54             1.10             0.00
   32 AFMb294zc1  D22S1163           28.02            32.90            22.17
                              0.55             0.00             1.07
   33 AFM164ze3   D22S275            28.57            32.90            23.24
                              0.00             0.00             0.00
   34 GATA21F03   D22S689            28.57            32.90            23.24
                              0.00             0.00             0.00
   35 AFMa247xe1  D22S1150           28.57            32.90            23.24
                              0.00             0.56             0.00
   36 UT5072      D22S528            28.57            33.46            23.24
                              1.09             0.55             1.07
   37 AFMa043tf9  D22S1176           29.66            34.01            24.31
                              0.00             0.00             0.00
   38 AFM106xd2   D22S273            29.66            34.01            24.31
                              1.64             1.23             1.06
   39 GATA190C03  Unknown            31.30            35.24            25.37
                              0.00             0.99             0.00
   40 AFM225xf6   D22S280            31.30            36.23            25.37
                              0.00             0.00             0.00
   41 UT7213      D22S534            31.30            36.23            25.37
                              0.00             0.00             0.00
   42 AFMb360zf9  D22S1172           31.30            36.23            25.37
                              0.54             0.00             1.07
   43 AFM238wc11  D22S281            31.84            36.23            26.44
                              0.00             0.00             0.00
   44 AFMb029zh1  D22S1158           31.84            36.23            26.44
                              0.00             0.00             0.00
   45 AFMb294yd5  D22S1162           31.84            36.23            26.44
                              0.55             0.00             1.07
   46 GATA51E02   D22S691            32.39            36.23            27.51
                              0.00             0.00             0.00
   47 GATA6F05    D22S685            32.39            36.23            27.51
                              0.05             0.00             0.32
   48 AFMa223yd9  D22S1147           32.44            36.23            27.83
                              0.07             0.00             0.40
   49 AFMa289zh1  D22S1152           32.51            36.23            28.23
                              0.42             0.00             0.35
   50 ACT2A09     Unknown            32.93            36.23            28.58
                              0.00             1.11             0.00
   51 AFM256vd1   D22S422            32.93            37.34            28.58
                              0.83             0.37             0.00
   52 AFM112yb4   D22S424            33.76            37.71            28.58
                              2.46             2.96             2.13
   53 AFM182xd12  D22S278            36.22            40.67            30.71
                              0.00             0.00             0.00
   54 GATA11B12   D22S683            36.22            40.67            30.71
                              0.00             0.00             0.00
   55 UT1963      D22S529            36.22            40.67            30.71
                              0.00             0.00             0.00
   56 AFMa175vd5  D22S1142           36.22            40.67            30.71
                              0.00             0.00             0.00
   57 AFM168xa1   D22S277            36.22            40.67            30.71
                              1.60             3.25             0.00
   58 AFMc013yb9  D22S1173           37.82            43.92            30.71
                              0.80             1.62             0.00
   59 AFM262vh5   D22S283            38.62            45.54            30.71
                              2.80             5.72             0.00
   60 AFM273vd9   D22S426            41.42            51.26            30.71
                              0.00             0.00             0.00
   61 GATA63H07   D22S692            41.42            51.26            30.71
                              1.39             2.85             0.00
   62 IL2RB       Unknown            42.81            54.11            30.71
                              0.00             0.00             0.00
   63 ATA37D06    D22S1045           42.81            54.11            30.71
                              0.00             0.00             0.00
   64 AFMa046za5  D22S1177           42.81            54.11            30.71
                              1.51             3.11             0.00
   65 AFMb001vh5  D22S1156           44.32            57.22            30.71
                              1.50             3.12             0.00
   66 AFM024xc9   D22S272            45.82            60.34            30.71
                              0.00             0.00             0.00
   67 GGAT3C10    D22S445            45.82            60.34            30.71
                              0.60             1.24             0.00
   68 AFM078wc5   D22S284            46.42            61.58            30.71
                              0.00             0.00             0.00
   69 AFM321yb9   D22S428            46.42            61.58            30.71
                              0.00             0.00             0.00
   70 UT2561      D22S530            46.42            61.58            30.71
                              0.00             0.00             0.00
   71 AFMa351zd5  D22S1155           46.42            61.58            30.71
                              0.00             0.00             0.00
   72 UT1091      D22S417            46.42            61.58            30.71
                              0.00             0.00             0.00
   73 AFM261xd9   D22S423            46.42            61.58            30.71
                              0.89             1.81             0.00
   74 AFMb002xe9  D22S1157           47.31            63.39            30.71
                              0.00             0.00             0.00
   75 AFM165za5   D22S276            47.31            63.39            30.71
                              0.88             1.81             0.00
   76 AFMa289xc9  D22S1151           48.19            65.20            30.71
                              0.00             0.00             0.00
   77 AFMb357yc9  D22S1171           48.19            65.20            30.71
                              0.00             0.00             0.00
*  78 AFMb316xa9  D22S1166           48.19            65.20            30.71
                              0.00             0.00             0.00
   79 AFM320yg5   D22S927            48.19            65.20            30.71
                              0.00             0.00             0.00
   80 AFM031yb10  D22S418            48.19            65.20            30.71
                              0.00             0.00             0.00
   81 AFM205yc11  D22S279            48.19            65.20            30.71
                              0.00             0.00             0.00
   82 AFMa058yf1  D22S1178           48.19            65.20            30.71
                              0.00             0.00             0.00
   83 AFM261ye5   D22S282            48.19            65.20            30.71
                              0.00             0.00             0.00
   84 AFMb312zf9  D22S1165           48.19            65.20            30.71
                              0.00             0.00             0.00
   85 AFMa102wg1  D22S1179           48.19            65.20            30.71
                              1.18             1.19             1.08
   86 AFMb029zh9  D22S1159           49.37            66.39            31.79
                              0.00             0.00             0.00
   87 AFMa142zf5  D22S1140           49.37            66.39            31.79
                              0.72             0.00             1.62
   88 AFMb336wf9  D22S1168           50.09            66.39            33.41
                              1.45             1.08             1.63
   89 AFMa296ze9  D22S1153           51.54            67.47            35.04
                              0.00             0.00             0.00
   90 GGAT3A11    D22S444            51.54            67.47            35.04
                              0.00             0.00             0.00
   91 AFM164th8   D22S274            51.54            67.47            35.04
                              0.54             1.08             0.00
   92 AFMa048wa5  D22S928            52.08            68.55            35.04
                              0.53             0.00             1.08
   93 UT7136      D22S532            52.61            68.55            36.12
                              0.00             0.00             0.00
   94 AFMa151xe9  D22S1141           52.61            68.55            36.12
                              0.55             0.00             1.10
   95 AFMb040xd1  D22S1160           53.16            68.55            37.22
                              0.76             0.00             2.18
   96 AFM179xa9   D22S1149           53.92            68.55            39.40
                              1.34             1.66             0.00
   97 AFM268yg1   D22S1170           55.26            70.21            39.40
                              4.24             1.67             7.40
   98 AFMb043zd9  D22S1161           59.50            71.88            46.80
                              1.11             0.00             1.88
   99 AFM031xc11  D22S922            60.61            71.88            48.68
                              0.00             0.00             0.00
  100 AFMb337zh9  D22S1169           60.61            71.88            48.68
                              1.70             2.51             0.00
  101 UT580       D22S526            62.31            74.39            48.68
