      Marker      Dnumber      sex-ave(cM)      female(cM)        male(cM)

    1 2PTEL23     D2S2982             0.00             0.00             0.00
                              1.95             1.82             2.08
    2 2PTEL12     D2S2584             1.95             1.82             2.08
                              0.00             0.00             0.00
    3 AFMb283zh5  D2S2268             1.95             1.82             2.08
                              0.91             0.00             1.71
    4 2PTEL27     D2S2983             2.86             1.82             3.79
                              0.90             0.00             1.69
*   5 GATA158C03  Unknown             3.76             1.82             5.48
                              1.64             1.06             2.19
    6 AFM263wb5   D2S323              5.40             2.88             7.67
                              1.65             1.13             1.96
    7 AFMb005wd9  D2S2245             7.05             4.01             9.63
                              0.00             0.00             0.23
    8 AFMa101wc1  D2S2393             7.05             4.01             9.86
                              0.55             1.09             0.00
    9 AFM108xh8   D2S319              7.60             5.10             9.86
                              2.44             1.09             3.63
   10 AFM224xb10  D2S304             10.04             6.19            13.49
                              0.38             0.00             0.90
   11 AFM240yc3   D2S205             10.42             6.19            14.39
                              0.44             0.00             0.91
   12 AFMa130yg9  D2S2166            10.86             6.19            15.30
                              0.00             2.49             0.00
   13 UT7687      D2S1861            10.86             8.68            15.30
                              3.24             0.80             3.24
   14 AFM168xg3   D2S281             14.10             9.48            18.54
                              0.00             0.00             0.97
   15 AFM269xd9   D2S330             14.10             9.48            19.51
                              1.51             0.00             1.20
   16 GATA28H06   D2S1329            15.61             9.48            20.71
                              0.00             0.00             0.00
   17 AFMa272yc5  D2S2211            15.61             9.48            20.71
                              2.27             3.23             2.16
   18 UT7580      D2S1275            17.88            12.71            22.87
                              0.00             0.00             0.00
   19 GATA116B01  D2S2952            17.88            12.71            22.87
                              0.54             0.00             1.08
   20 AFMa130wh9  D2S2164            18.42            12.71            23.95
                              0.00             0.00             0.59
   21 AFM298xb9   D2S359             18.42            12.71            24.54
                              1.61             2.15             0.48
   22 AFM225zg5   D2S162             20.03            14.86            25.02
                              0.00             0.00             0.00
   23 AFMa356zh9  D2S2243            20.03            14.86            25.02
                              0.54             0.00             1.07
   24 AFMa244xh1  D2S2207            20.57            14.86            26.09
                              0.00             0.00             0.00
   25 AFMa134we5  D2S2169            20.57            14.86            26.09
                              0.00             0.00             0.00
   26 AFMc012xf9  D2S2326            20.57            14.86            26.09
                              0.65             1.51             0.00
   27 AFM200zc11  D2S287             21.22            16.37            26.09
                              0.88             2.38             0.00
   28 GAAT1A5     D2S423             22.10            18.75            26.09
                              1.47             0.00             2.13
   29 AFMa127xb9  D2S398             23.57            18.75            28.22
                              2.95             5.91             0.00
   30 AFM207vc7   D2S297             26.52            24.66            28.22
                              0.00             0.00             0.00
   31 AFMb303xf1  D2S2278            26.52            24.66            28.22
                              0.54             0.00             1.07
   32 AFM240vf6   D2S168             27.06            24.66            29.29
                              0.54             1.07             0.00
   33 AFM268va5   D2S328             27.60            25.73            29.29
                              0.00             0.00             0.00
   34 Mfd328      D2S415             27.60            25.73            29.29
                              0.00             0.00             0.00
   35 AFMa232wf1  D2S2200            27.60            25.73            29.29
                              0.00             0.00             0.00
   36 AFMa072zc1  D2S2377            27.60            25.73            29.29
                              0.00             0.00             0.00
   37 GGAA20G10   D2S1400            27.60            25.73            29.29
                              0.00             0.00             0.00
   38 UT595       D2S262             27.60            25.73            29.29
                              3.45             4.32             2.50
   39 AFMa226ye9  D2S2199            31.05            30.05            31.79
                              0.15             0.00             0.00
   40 Mfd291      D2S219             31.20            30.05            31.79
                              0.00             0.00             0.00
   41 AFM155yd2   D2S131             31.20            30.05            31.79
                              2.11             1.07             3.35
   42 AFMb283xg9  D2S2267            33.31            31.12            35.14
                              0.73             0.00             1.67
   43 AFM200yg11  D2S149             34.04            31.12            36.81
                              0.74             1.48             0.00
   44 AFM242xf10  D2S312             34.78            32.60            36.81
                              0.42             0.82             0.00
   45 UT5146      D2S1240            35.20            33.42            36.81
                              0.78             1.60             0.00
   46 AFM249th9   D2S2295            35.98            35.02            36.81
                              0.74             1.48             0.00
   47 AFM338yc1   D2S2346            36.72            36.50            36.81
                              0.00             0.00             0.00
   48 AFMa046yh9  D2S2355            36.72            36.50            36.81
                              0.66             1.08             0.00
   49 UT868       D2S272             37.38            37.58            36.81
                              0.95             2.15             0.00
   50 AFMa116xd9  D2S2155            38.33            39.73            36.81
                              0.00             0.00             0.00
   51 AFM270xh9   D2S332             38.33            39.73            36.81
                              0.00             0.00             0.00
   52 AFM137xg11  D2S320             38.33            39.73            36.81
                              0.00             0.00             0.00
*  53 GATA11H10   D2S1360            38.33            39.73            36.81
                              0.54             1.07             0.00
   54 AFMa070we9  D2S2375            38.87            40.80            36.81
                              0.00             0.00             0.00
   55 AFM331zg5   D2S387             38.87            40.80            36.81
                              0.00             0.00             0.00
   56 UT5918      D2S1243            38.87            40.80            36.81
                              0.00             0.00             0.00
   57 Mfd266      D2S224             38.87            40.80            36.81
                              0.00             0.00             0.00
   58 AFM073ya5   D2S305             38.87            40.80            36.81
                              1.06             0.00             2.13
   59 AFM260xc5   D2S175             39.93            40.80            38.94
                              0.00             0.00             0.00
   60 AFM234xe3   D2S310             39.93            40.80            38.94
                              0.00             0.00             0.00
   61 AFMa341ye1  D2S2233            39.93            40.80            38.94
                              0.54             1.07             0.00
   62 AFM331we9   D2S2342            40.47            41.87            38.94
                              0.00             0.00             0.00
   63 AFMa108yf1  D2S2150            40.47            41.87            38.94
                              1.10             0.20             0.85
   64 AFMa238xc9  D2S2201            41.57            42.07            39.79
                              1.08             0.31             0.58
   65 AFMa064wh1  D2S2373            42.65            42.38            40.37
                              0.00             0.65             0.00
   66 APOB        Unknown            42.65            43.03            40.37
                              0.00             0.74             0.00
   67 ATA9E06     D2S1358            42.65            43.77            40.37
                              0.00             0.98             0.00
   68 Mfd292      D2S220             42.65            44.75            40.37
                              1.44             0.00             2.86
   69 AFMa301xc1  D2S2221            44.09            44.75            43.23
                              0.00             0.00             0.00
   70 Mfd270      D2S218             44.09            44.75            43.23
                              1.21             1.43             1.07
   71 AFMa134vf1  D2S2168            45.30            46.18            44.30
                              0.00             0.00             0.00
   72 AFM193yb4   D2S144             45.30            46.18            44.30
                              0.00             0.00             0.00
   73 AFMa309xd1  D2S2226            45.30            46.18            44.30
                              0.00             0.00             0.00
   74 AFM242yd8   D2S171             45.30            46.18            44.30
                              0.53             1.07             0.00
   75 AFMb346ye5  D2S2303            45.83            47.25            44.30
                              0.00             0.00             0.00
   76 Mfd307      D2S223             45.83            47.25            44.30
                              0.00             0.00             0.00
   77 AFM302yf5   D2S2337            45.83            47.25            44.30
                              0.00             0.00             0.00
   78 AFM217xh8   D2S158             45.83            47.25            44.30
                              0.00             0.00             0.00
   79 Mfd54       D2S73              45.83            47.25            44.30
                              0.00             0.00             0.00
   80 GAAT1F2     D2S1324            45.83            47.25            44.30
                              0.54             0.00             1.06
   81 AFM350ye1   D2S2350            46.37            47.25            45.36
                              0.00             0.00             0.00
   82 AFMa136wh9  D2S2170            46.37            47.25            45.36
                              0.00             0.00             0.00
   83 AFMa305wh9  D2S2223            46.37            47.25            45.36
                              0.00             0.00             0.00
   84 AFMa052yb5  D2S2144            46.37            47.25            45.36
                              0.53             0.00             1.07
   85 AFM254vc9   D2S174             46.90            47.25            46.43
                              0.00             0.00             0.00
   86 AFMb009xf1  D2S2247            46.90            47.25            46.43
                              0.53             1.07             0.00
   87 AFM234ya9   D2S165             47.43            48.32            46.43
                              0.00             0.00             0.00
   88 AFM303yf1   D2S366             47.43            48.32            46.43
                              0.00             0.00             0.00
   89 AFMb082zd5  D2S2263            47.43            48.32            46.43
                              0.54             0.00             1.06
   90 AFM240yf8   D2S170             47.97            48.32            47.49
                              0.00             0.00             0.00
   91 GATA8F07    D2S405             47.97            48.32            47.49
                              0.00             0.00             0.00
   92 AFMb357zf5  D2S2312            47.97            48.32            47.49
                              0.00             0.00             0.00
   93 ATA3G09     D2S1322            47.97            48.32            47.49
                              0.00             0.00             0.00
   94 AFM303yc1   D2S365             47.97            48.32            47.49
                              0.00             0.00             0.00
   95 AFM318za9   D2S375             47.97            48.32            47.49
                              0.00             0.00             0.00
   96 AFM347ya5   D2S392             47.97            48.32            47.49
                              0.53             1.08             0.00
   97 AFMa082xe1  D2S2383            48.50            49.40            47.49
                              0.00             0.00             0.00
   98 AFM337yf9   D2S390             48.50            49.40            47.49
                              0.54             1.07             0.00
   99 Mfd294      D2S221             49.04            50.47            47.49
                              0.00             0.00             0.00
  100 AFM198wc5   D2S146             49.04            50.47            47.49
                              1.61             2.15             1.07
  101 AFMa239yd5  D2S2203            50.65            52.62            48.56
                              0.00             0.00             0.00
  102 AFM296vg9   D2S352             50.65            52.62            48.56
                              0.00             0.00             0.00
  103 AFMb313yd5  D2S2283            50.65            52.62            48.56
                              0.00             0.00             0.00
  104 AFM339yf9   D2S2347            50.65            52.62            48.56
                              0.00             0.00             0.00
  105 AFMb040xf5  D2S2255            50.65            52.62            48.56
                              0.00             0.00             0.00
  106 AFMc011xh5  D2S2325            50.65            52.62            48.56
                              0.00             0.00             0.00
  107 AFMa132zc9  D2S400             50.65            52.62            48.56
                              0.00             0.00             0.00
  108 AFM351tb1   D2S2351            50.65            52.62            48.56
                              3.23             4.37             2.14
  109 ATA66A07    Unknown            53.88            56.99            50.70
                              1.08             1.64             0.00
  110 UT668       D2S265             54.96            58.63            50.70
                              0.00             0.55             0.00
  111 AFM303ze1   D2S367             54.96            59.18            50.70
                              0.00             0.00             0.00
  112 GATA22E06   D2S1325            54.96            59.18            50.70
                              0.00             0.00             0.00
  113 AFMa066ze9  D2S2374            54.96            59.18            50.70
                              0.55             1.07             0.00
  114 GATA86E02   D2S1788            55.51            60.25            50.70
                              0.64             1.08             0.00
  115 AFMa340zc9  D2S2230            56.15            61.33            50.70
                              1.07             1.44             1.00
  116 AFM163xc11  D2S2186            57.22            62.77            51.70
                              2.14             1.32             1.32
  117 GATA190D04  Unknown            59.36            64.09            53.02
                              0.00             1.57             0.00
* 118 ATA21D11    D2S1346            59.36            65.66            53.02
                              0.00             0.00             0.00
  119 AFMa298yg5  D2S2220            59.36            65.66            53.02
                              0.00             0.00             0.00
  120 AFM267zc9   D2S177             59.36            65.66            53.02
                              0.00             0.00             0.00
  121 AFMa130wg1  D2S2163            59.36            65.66            53.02
                              0.55             1.08             0.00
  122 AFMc018xg5  D2S2331            59.91            66.74            53.02
                              0.54             1.08             0.00
  123 AFMa349wd5  D2S2238            60.45            67.82            53.02
                              0.55             1.07             0.00
  124 AFM211zd10  D2S2272            61.00            68.89            53.02
                              0.00             0.00             0.00
  125 AFMc014yc1  D2S2328            61.00            68.89            53.02
                              0.66             1.35             0.00
  126 AFMb351xf1  D2S2305            61.66            70.24            53.02
                              0.00             0.00             0.00
  127 AFMa142yf1  D2S2172            61.66            70.24            53.02
                              0.00             0.00             0.17
  128 GATA194B06  Unknown            61.66            70.24            53.19
                              1.75             2.69             0.43
  129 AFMb352xg5  D2S2306            63.41            72.93            53.62
                              0.88             1.35             0.56
  130 AFM205zb4   D2S2259            64.29            74.28            54.18
                              0.00             0.00             0.00
  131 ATA4F03     D2S1356            64.29            74.28            54.18
                              0.55             1.08             0.00
  132 Mfd325      D2S414             64.84            75.36            54.18
                              0.00             0.00             0.00
  133 AFMb325wf9  D2S2294            64.84            75.36            54.18
                              0.55             1.07             0.00
  134 AFM077yb7   D2S119             65.39            76.43            54.18
                              0.55             1.08             0.00
  135 AFMb330yf1  D2S2298            65.94            77.51            54.18
                              1.64             0.00             3.47
  136 AFMa153yb1  D2S2174            67.58            77.51            57.65
                              0.00             0.00             0.00
* 137 ATA47C04    Unknown            67.58            77.51            57.65
                              2.19             4.29             0.00
  138 AFMb318xa9  D2S2291            69.77            81.80            57.65
                              0.00             0.00             0.00
  139 AFMb310xc5  D2S2280            69.77            81.80            57.65
                              0.00             0.00             0.00
  140 AFMa350xh9  D2S2240            69.77            81.80            57.65
                              0.54             1.07             0.00
  141 AFM337yh5   D2S391             70.31            82.87            57.65
                              0.00             0.00             0.00
  142 AFMa073yf1  D2S2378            70.31            82.87            57.65
                              0.00             0.00             0.00
  143 AFMa191xa5  D2S2182            70.31            82.87            57.65
                              0.32             0.54             0.00
  144 AFM200ze3   D2S288             70.63            83.41            57.65
                              0.51             0.90             0.00
  145 AFMa336yh5  D2S2227            71.14            84.31            57.65
                              1.65             1.44             2.31
  146 ATA76C08    Unknown            72.79            85.75            59.96
                              0.00             0.00             0.00
  147 UT2070      D2S1264            72.79            85.75            59.96
                              0.00             0.00             0.00
  148 UT670       D2S1248            72.79            85.75            59.96
                              0.82             1.44             0.00
  149 AFMb363yg9  D2S2316            73.61            87.19            59.96
                              0.00             0.00             0.00
  150 AFM093xh3   D2S123             73.61            87.19            59.96
                              0.00             0.00             0.00
  151 AFMa119ye5  D2S2156            73.61            87.19            59.96
                              0.00             0.00             0.00
  152 GATA26H10   D2S2739            73.61            87.19            59.96
                              0.00             0.00             0.00
  153 ATA27D04    D2S1352            73.61            87.19            59.96
                              0.00             0.00             0.00
  154 AFMa060wd5  D2S2369            73.61            87.19            59.96
                              2.73             4.27             1.16
  155 AFMa045ye9  D2S2352            76.34            91.46            61.12
                              0.00             0.00             0.00
  156 AFM205te7   D2S2251            76.34            91.46            61.12
                              0.00             0.00             0.00
  157 AFM248yd5   D2S2292            76.34            91.46            61.12
                              0.54             1.07             0.00
  158 AFMa113zg9  D2S2153            76.88            92.53            61.12
                              0.55             0.00             1.15
  159 AFM320yb9   D2S378             77.43            92.53            62.27
                              0.54             0.00             1.16
  160 AFMa191xd1  D2S2183            77.97            92.53            63.43
                              0.00             0.00             0.00
  161 GATA23H01   D2S1364            77.97            92.53            63.43
                              0.00             0.00             0.00
  162 AFMa086zb1  D2S2388            77.97            92.53            63.43
                              0.00             0.00             0.00
  163 AFMb304yh1  D2S2279            77.97            92.53            63.43
                              2.19             3.20             1.15
  164 GATA130A05  Unknown            80.16            95.73            64.58
                              0.00             0.00             0.00
  165 AFM297we1   D2S357             80.16            95.73            64.58
                              0.00             0.00             0.00
  166 AFM310xf5   D2S370             80.16            95.73            64.58
                              0.00             0.00             0.00
  167 AFM348tf1   D2S393             80.16            95.73            64.58
                              0.00             0.00             0.00
  168 GGAT4C08    D2S444             80.16            95.73            64.58
                              0.00             0.00             0.00
  169 AFMb363yf1  D2S2315            80.16            95.73            64.58
                              0.00             0.00             0.00
  170 UT8053      D2S1278            80.16            95.73            64.58
                              0.00             0.00             0.00
  171 GATA8B11    D2S406             80.16            95.73            64.58
                              0.00             0.00             0.00
  172 UT2032      D2S1261            80.16            95.73            64.58
                              0.53             0.00             1.07
  173 AFMc025xe1  D2S2332            80.69            95.73            65.65
                              0.00             0.00             0.00
  174 AFM275za9   D2S337             80.69            95.73            65.65
                              0.00             0.00             0.00
  175 AFMa126yd1  D2S2160            80.69            95.73            65.65
                              0.00             0.00             0.00
  176 AFM326zh9   D2S386             80.69            95.73            65.65
                              0.00             0.00             0.00
  177 AFM165xd8   D2S2198            80.69            95.73            65.65
                              0.00             0.00             0.41
  178 AFMa130xb5  D2S2165            80.69            95.73            66.06
                              0.80             1.07             0.40
  179 AFMa244xd1  D2S2206            81.49            96.80            66.46
                              0.80             1.07             0.25
  180 AFMc006yd9  D2S2320            82.29            97.87            66.71
                              0.00             0.00             0.00
  181 AFM199vb6   D2S147             82.29            97.87            66.71
                              0.53             1.06             0.00
  182 ATA17C10    Unknown            82.82            98.93            66.71
                              0.00             0.00             0.00
  183 AFMa103wh1  D2S2397            82.82            98.93            66.71
                              0.00             0.00             0.00
  184 Mfd330      D2S416             82.82            98.93            66.71
                              0.00             0.00             0.00
  185 AFMa306yf9  D2S2225            82.82            98.93            66.71
                              1.06             2.13             0.00
  186 AFMa346xd9  D2S2235            83.88           101.06            66.71
                              0.00             0.00             0.00
  187 AFM321xd9   D2S380             83.88           101.06            66.71
                              0.00             0.00             0.00
  188 AFM172xe7   D2S136             83.88           101.06            66.71
                              0.00             0.00             0.00
  189 AFMb322yh5  D2S2293            83.88           101.06            66.71
                              0.00             0.00             0.00
  190 AFM168xg11  D2S134             83.88           101.06            66.71
                              0.00             0.00             0.00
  191 UT5213      D2S1257            83.88           101.06            66.71
                              0.00             0.00             0.00
  192 AFM205yg7   D2S296             83.88           101.06            66.71
                              0.00             0.00             0.00
  193 UT18        Unknown            83.88           101.06            66.71
                              0.54             0.00             1.07
  194 AFM203wb6   D2S290             84.42           101.06            67.78
                              0.00             0.00             0.00
  195 AFMa341xa9  D2S2231            84.42           101.06            67.78
                              0.00             0.00             0.00
  196 AFM234zh2   D2S166             84.42           101.06            67.78
                              1.06             2.14             0.00
  197 AFM320yd9   D2S379             85.48           103.20            67.78
                              0.00             0.00             0.00
  198 AFM349th9   D2S2349            85.48           103.20            67.78
                              0.00             0.00             0.00
  199 GATA8G06    D2S1336            85.48           103.20            67.78
                              0.00             0.00             0.00
  200 GATA66D01   D2S1772            85.48           103.20            67.78
                              0.00             0.00             0.00
  201 AFMa059wf5  D2S2368            85.48           103.20            67.78
                              0.54             0.00             1.06
  202 AFM038xh8   D2S285             86.02           103.20            68.84
                              0.00             0.00             0.00
  203 AFM184yc1   D2S282             86.02           103.20            68.84
                              0.00             0.00             0.00
  204 AFM154xf8   D2S2171            86.02           103.20            68.84
                              0.80             1.60             0.00
* 205 GATA72C01   D2S1779            86.82           104.80            68.84
                              0.80             1.61             0.00
  206 AFMa111ya9  D2S2152            87.62           106.41            68.84
                              0.00             0.00             0.00
  207 AFM297xh5   D2S358             87.62           106.41            68.84
                              0.53             0.00             1.07
  208 AFM220xa11  D2S303             88.15           106.41            69.91
                              0.00             0.00             0.00
  209 AFM267ve9   D2S327             88.15           106.41            69.91
                              0.00             0.00             0.00
  210 AFMb286xa5  D2S2115            88.15           106.41            69.91
                              0.00             0.00             0.00
  211 AFM203yb6   D2S292             88.15           106.41            69.91
                              0.00             0.00             0.00
  212 Mfd115      D2S101             88.15           106.41            69.91
                              0.00             0.00             0.00
  213 AFMa343xe9  D2S2113            88.15           106.41            69.91
                              0.00             0.00             0.00
  214 GGAA4D07    D2S443             88.15           106.41            69.91
                              0.54             1.07             0.00
  215 ATA64H01    Unknown            88.69           107.48            69.91
                              1.07             2.15             0.00
  216 AFM198ta1   D2S145             89.76           109.63            69.91
                              0.00             0.00             0.00
  217 GATA181G08  Unknown            89.76           109.63            69.91
                              0.00             0.00             0.00
  218 AFM203xc3   D2S291             89.76           109.63            69.91
                              0.53             1.07             0.00
  219 AFMa205zc5  D2S2111            90.29           110.70            69.91
                              0.00             0.00             0.00
  220 AFM323vf9   D2S2109            90.29           110.70            69.91
                              0.00             0.00             0.00
  221 AFMa296xc5  D2S2112            90.29           110.70            69.91
                              0.53             0.00             1.06
  222 AFMa116zh9  D2S2110            90.82           110.70            70.97
                              0.00             0.00             0.00
  223 GATA69E12   D2S1394            90.82           110.70            70.97
                              0.00             0.00             0.00
  224 GATA32B06   D2S1374            90.82           110.70            70.97
                              3.23             3.25             3.20
  225 AFM200xb2   D2S286             94.05           113.95            74.17
                              1.62             3.26             0.00
  226 AFMb070ze1  D2S2114            95.67           117.21            74.17
                              0.00             0.00             0.00
  227 AFMb313xd5  D2S2116            95.67           117.21            74.17
                              3.74             6.45             1.07
  228 GATA71G04   D2S1777            99.41           123.66            75.24
                              0.00             0.00             0.00
  229 ATA16D09    Unknown            99.41           123.66            75.24
                              0.00             0.00             0.00
  230 GATA6C12    D2S438             99.41           123.66            75.24
                              0.00             0.00             0.00
  231 AFM240vh12  D2S169             99.41           123.66            75.24
                              0.81             1.63             0.00
  232 UT2096      D2S1262           100.22           125.29            75.24
                              0.80             1.62             0.00
  233 AFM268xg5   D2S329            101.02           126.91            75.24
                              0.54             1.08             0.00
  234 AFM177xh4   D2S139            101.56           127.99            75.24
                              1.06             2.14             0.00
  235 AFM161yh10  D2S2180           102.62           130.13            75.24
                              0.00             0.00             0.00
  236 UT428       D2S253            102.62           130.13            75.24
                              0.00             0.00             0.00
  237 AFMa210xd1  D2S2191           102.62           130.13            75.24
                              0.54             1.07             0.00
  238 AFMc025yh5  D2S2333           103.16           131.20            75.24
                              0.00             0.00             0.00
  239 AFMa129xe9  D2S2162           103.16           131.20            75.24
                              0.00             0.00             0.00
  240 AFM331xf1   D2S2343           103.16           131.20            75.24
                              0.00             0.00             0.00
  241 GATA14B12   D2S428            103.16           131.20            75.24
                              0.00             0.00             0.00
  242 AFM044xa1   D2S289            103.16           131.20            75.24
                              0.00             0.00             0.00
  243 AFM350td1   D2S394            103.16           131.20            75.24
                              0.00             0.00             0.00
* 244 GATA115D05  Unknown           103.16           131.20            75.24
                              0.00             0.00             0.00
  245 AFMa061yb9  D2S2371           103.16           131.20            75.24
                              0.00             0.00             0.00
  246 GATA6F08    D2S440            103.16           131.20            75.24
                              0.00             0.00             0.00
* 247 GATA62B10   Unknown           103.16           131.20            75.24
                              0.00             0.00             0.00
  248 GATA71D09   D2S1396           103.16           131.20            75.24
                              0.00             0.00             0.00
  249 GATA6E12    Unknown           103.16           131.20            75.24
                              1.84             0.00             2.13
  250 AFMa126zb1  D2S2161           105.00           131.20            77.37
                              1.84             5.34             0.00
  251 Mfd337      D2S417            106.84           136.54            77.37
                              0.62             0.00             1.06
  252 AFMa341xh1  D2S2232           107.46           136.54            78.43
                              0.00             0.00             0.00
  253 AFM333vh5   D2S388            107.46           136.54            78.43
                              0.53             1.08             0.00
  254 GATA112E03  Unknown           107.99           137.62            78.43
                              2.01             3.22             0.27
  255 AFMa190zd1  D2S2181           110.00           140.84            78.70
                              0.68             1.09             0.35
  256 AFMa196zf9  D2S2187           110.68           141.93            79.05
                              0.00             0.00             0.45
  257 AFMa125yg1  D2S2159           110.68           141.93            79.50
                              0.00             0.00             0.00
  258 AFMa115za5  D2S2154           110.68           141.93            79.50
                              0.53             0.00             1.07
  259 AFMa303wf5  D2S2222           111.21           141.93            80.57
                              0.00             0.00             0.00
  260 AFM052xb4   D2S113            111.21           141.93            80.57
                              0.00             0.00             0.00
  261 AFMa286zb5  D2S2216           111.21           141.93            80.57
                              0.00             0.00             0.00
  262 AFMa153zg5  D2S2175           111.21           141.93            80.57
                              1.07             2.13             0.00
  263 AFMa246xe9  D2S2209           112.28           144.06            80.57
                              1.07             2.14             0.00
  264 AFMb355zg1  D2S2311           113.35           146.20            80.57
                              1.07             0.00             2.13
  265 AFM316tg5   D2S373            114.42           146.20            82.70
                              0.00             0.00             0.00
  266 AFMb277ze1  D2S2264           114.42           146.20            82.70
                              0.00             0.00             0.00
* 267 GATA176C01  D2S2972           114.42           146.20            82.70
                              1.07             1.06             0.41
  268 ATA19E11    D2S1343           115.49           147.26            83.11
                              0.00             0.00             0.67
  269 UT5125      D2S274            115.49           147.26            83.78
                              0.00             0.00             0.00
  270 UT1297      D2S1258           115.49           147.26            83.78
                              0.00             0.00             0.00
  271 AFMa048ya9  D2S2356           115.49           147.26            83.78
                              0.48             0.00             0.79
  272 GATA13H01   Unknown           115.97           147.26            84.57
                              0.05             0.00             0.28
  273 AFM172xc3   D2S135            116.02           147.26            84.85
                              0.24             0.00             0.54
  274 AFM212zh10  D2S299            116.26           147.26            85.39
                              0.29             0.00             0.53
  275 AFMa338wd5  D2S2229           116.55           147.26            85.92
                              0.00             0.00             0.00
  276 AFM262xb5   D2S176            116.55           147.26            85.92
                              1.07             2.14             0.00
  277 AFMa046ya9  D2S1897           117.62           149.40            85.92
                              0.54             1.07             0.00
  278 GATA5G02    D2S436            118.16           150.47            85.92
                              0.00             0.00             0.00
  279 AFM164za3   D2S1894           118.16           150.47            85.92
                              0.00             0.00             0.00
  280 AFM205xa1   D2S293            118.16           150.47            85.92
                              0.00             0.00             0.00
  281 AFM021xf6   D2S2364           118.16           150.47            85.92
                              0.00             0.00             0.00
  282 AFMa083zb5  D2S2386           118.16           150.47            85.92
                              1.06             0.00             1.07
  283 GATA123D02  Unknown           119.22           150.47            86.99
                              0.00             0.00             0.00
  284 AFMa163xa9  D2S1890           119.22           150.47            86.99
                              0.00             0.00             0.00
  285 GATA83B01   D2S1784           119.22           150.47            86.99
                              1.07             3.20             0.00
  286 AFMa081zc5  D2S1889           120.29           153.67            86.99
                              0.00             0.00             0.00
  287 AFMb001ye9  D2S1891           120.29           153.67            86.99
                              0.00             0.00             0.00
  288 AFM277wc9   D2S340            120.29           153.67            86.99
                              0.00             0.00             0.00
  289 AFMb339ze1  D2S1893           120.29           153.67            86.99
                              1.34             3.20             0.00
  290 AFM022tc1   D2S1888           121.63           156.87            86.99
                              0.44             0.00             0.52
  291 AFMb007wc5  D2S1892           122.07           156.87            87.51
                              0.89             1.07             0.55
  292 AFM220ze3   D2S160            122.96           157.94            88.06
                              0.00             0.00             0.00
  293 AFMb285xf9  D2S2269           122.96           157.94            88.06
                              0.00             0.00             0.00
  294 Mfd68A      IL1A              122.96           157.94            88.06
                              0.00             0.00             0.00
  295 AFMa041xc1  D2S1896           122.96           157.94            88.06
                              0.53             1.07             0.00
  296 AFM087xa1   D2S121            123.49           159.01            88.06
                              0.00             0.00             0.00
  297 AFMa037xf1  D2S1895           123.49           159.01            88.06
                              0.54             1.07             0.00
  298 UT2131      D2S1265           124.03           160.08            88.06
                              0.00             0.00             0.00
  299 UT7798      D2S1277           124.03           160.08            88.06
                              0.00             0.00             0.00
  300 GATA123B03  Unknown           124.03           160.08            88.06
                              0.00             0.00             0.00
  301 AFM234te1   D2S308            124.03           160.08            88.06
                              1.15             0.00             2.13
  302 GATA6A03    D2S437            125.18           160.08            90.19
                              0.00             0.00             0.00
  303 AFM303wc5   D2S363            125.18           160.08            90.19
                              0.00             0.00             0.00
  304 GATA4E11    D2S410            125.18           160.08            90.19
                              0.57             0.00             1.07
  305 GATA62H05   Unknown           125.75           160.08            91.26
                              1.48             0.00             2.15
  306 GATA167A05  Unknown           127.23           160.08            93.41
                              1.18             3.27             0.00
  307 AFM116xe5   D2S2379           128.41           163.35            93.41
                              0.00             0.00             0.00
  308 AFMb039zh1  D2S2254           128.41           163.35            93.41
                              0.81             1.63             0.00
  309 AFMa282vd5  D2S2212           129.22           164.98            93.41
                              0.00             0.00             0.00
  310 AFMc015wb5  D2S2329           129.22           164.98            93.41
                              0.00             0.00             0.00
  311 AFM324vg1   D2S2341           129.22           164.98            93.41
                              0.57             1.22             0.00
  312 AFMb280xg5  D2S2265           129.79           166.20            93.41
                              0.00             0.00             0.00
  313 AFMb053yb9  D2S2258           129.79           166.20            93.41
                              0.00             0.00             0.00
  314 AFM191vg11  D2S283            129.79           166.20            93.41
                              0.58             1.22             0.00
  315 AFMa305zc1  D2S2224           130.37           167.42            93.41
                              0.00             0.00             0.00
  316 AFM281yd5   D2S343            130.37           167.42            93.41
                              0.00             0.00             0.00
  317 AFM092ye9   D2S2353           130.37           167.42            93.41
                              0.00             0.00             0.00
  318 GGAT1C4     Unknown           130.37           167.42            93.41
                              0.00             0.00             0.00
  319 AFM016yc5   D2S110            130.37           167.42            93.41
                              1.14             1.22             1.06
  320 UT992       D2S1251           131.51           168.64            94.47
                              0.00             0.00             0.00
* 321 GATA135B08  Unknown           131.51           168.64            94.47
                              0.00             0.00             0.00
  322 AFM289xb1   D2S347            131.51           168.64            94.47
                              0.00             0.00             0.00
  323 ATA10H07    D2S1340           131.51           168.64            94.47
                              1.07             0.00             2.13
  324 GATA27A12   D2S1328           132.58           168.64            96.60
                              0.00             0.00             0.00
  325 AFM319tc9   D2S2339           132.58           168.64            96.60
                              0.00             0.00             0.00
  326 AFM249wf1   D2S2296           132.58           168.64            96.60
                              0.00             0.00             0.00
  327 UT5135      D2S275            132.58           168.64            96.60
                              0.00             0.00             0.00
  328 UT502       D2S257            132.58           168.64            96.60
                              0.00             0.00             0.00
  329 UT852       D2S1250           132.58           168.64            96.60
                              0.00             0.00             0.00
  330 UT7080      D2S1859           132.58           168.64            96.60
                              0.00             0.00             0.00
  331 AFM323wc5   D2S383            132.58           168.64            96.60
                              0.00             0.00             0.00
  332 UT7454      D2S1273           132.58           168.64            96.60
                              0.00             0.00             0.00
  333 UT5668      D2S1272           132.58           168.64            96.60
                              1.07             2.14             0.00
  334 AFMb285yh5  D2S2271           133.65           170.78            96.60
                              0.00             0.00             0.00
  335 D2S95       D2S95             133.65           170.78            96.60
                              0.80             1.93             0.00
  336 AFMa286xg1  D2S2215           134.45           172.71            96.60
                              3.48             4.00             3.20
  337 UT1914      D2S1260           137.93           176.71            99.80
                              3.69             7.06             0.00
  338 AFM032xg5   D2S112            141.62           183.77            99.80
                              0.00             0.00             0.00
  339 AFM205xd4   D2S2256           141.62           183.77            99.80
                              1.21             0.35             1.07
  340 UT1358      D2S1241           142.83           184.12           100.87
                              0.00             0.32             0.00
  341 UT5116III   D2S1280           142.83           184.44           100.87
                              0.00             0.33             0.00
  342 AFMa297wc1  D2S2219           142.83           184.77           100.87
                              0.00             0.28             0.00
  343 AFM052xf8   D2S114            142.83           185.05           100.87
                              1.69             2.30             1.06
  344 UT431       D2S255            144.52           187.35           101.93
                              0.00             0.00             0.00
  345 Mfd19A      D2S71             144.52           187.35           101.93
                              0.00             0.00             0.00
  346 AFM220xc9   D2S2282           144.52           187.35           101.93
                              0.00             0.00             0.00
* 347 AFM304ta9   D2S368            144.52           187.35           101.93
                              0.56             0.00             1.08
  348 GATA4D07    D2S1334           145.08           187.35           103.01
                              1.07             1.07             1.07
  349 AFM248za9   D2S314            146.15           188.42           104.08
                              0.00             0.00             0.00
  350 AFMa224xb9  D2S2196           146.15           188.42           104.08
                              0.00             0.00             0.00
  351 AFMa071tf9  D2S2376           146.15           188.42           104.08
                              1.25             0.00             2.56
  352 GATA8H05    D2S442            147.40           188.42           106.64
                              0.00             0.00             0.00
  353 AFMb316zb5  D2S2288           147.40           188.42           106.64
                              0.00             0.00             0.00
  354 AFMa058ye1  D2S2367           147.40           188.42           106.64
                              0.00             0.92             0.00
  355 AFMa083xh5  D2S2385           147.40           189.34           106.64
                              2.49             0.15             3.86
  356 AFM119xd2   D2S127            149.89           189.49           110.50
                              0.00             0.00             0.00
  357 AFMb314zb9  D2S2286           149.89           189.49           110.50
                              0.00             0.00             0.00
  358 AFMb281zb9  D2S2266           149.89           189.49           110.50
                              0.00             0.00             0.00
  359 AFMb348zg9  D2S2304           149.89           189.49           110.50
                              0.00             0.00             0.00
  360 AFM205tg1   D2S150            149.89           189.49           110.50
                              0.00             0.00             0.00
  361 AFM290ye9   D2S349            149.89           189.49           110.50
                              0.00             0.00             0.00
  362 AFM312vf1   D2S372            149.89           189.49           110.50
                              0.00             0.00             0.00
  363 AFM143xe11  D2S129            149.89           189.49           110.50
                              0.00             0.00             0.00
  364 AFMa107wh9  D2S2149           149.89           189.49           110.50
                              0.00             0.00             0.00
  365 AFM290zb5   D2S2334           149.89           189.49           110.50
                              0.00             0.00             0.00
  366 GATA26B04   D2S1326           149.89           189.49           110.50
                              0.00             0.00             0.00
  367 AFM087xg9   D2S122            149.89           189.49           110.50
                              0.00             0.00             0.00
  368 AFMa349xf9  D2S2239           149.89           189.49           110.50
                              1.07             0.00             2.13
  369 GGAA26B01   D2S1792           150.96           189.49           112.63
                              0.00             0.00             0.00
  370 AFM157xe3   D2S132            150.96           189.49           112.63
                              0.00             0.00             0.00
  371 Mfd301      D2S222            150.96           189.49           112.63
                              0.00             0.00             0.00
  372 AFM094ye9   D2S2362           150.96           189.49           112.63
                              0.00             0.00             0.00
  373 AFM102xd8   D2S2365           150.96           189.49           112.63
                              0.00             0.00             0.00
  374 GGAA2A01    Unknown           150.96           189.49           112.63
                              0.00             0.00             0.00
  375 AFM362td9   D2S397            150.96           189.49           112.63
                              0.54             1.08             0.00
  376 AFMb357zh1  D2S2313           151.50           190.57           112.63
                              0.00             0.00             0.00
  377 AFM321yg5   D2S381            151.50           190.57           112.63
                              0.54             0.00             1.07
  378 AFM218xa1   D2S302            152.04           190.57           113.70
                              0.00             0.00             0.00
  379 GATA135B11  Unknown           152.04           190.57           113.70
                              0.00             0.00             0.00
  380 AFM207vf8   D2S151            152.04           190.57           113.70
                              0.00             0.00             0.00
  381 GGAA20G04   D2S1399           152.04           190.57           113.70
                              0.00             0.00             0.00
  382 AFMb334za5  D2S2301           152.04           190.57           113.70
                              0.00             0.00             0.00
  383 AFM294vf5   D2S2335           152.04           190.57           113.70
                              0.00             0.00             0.00
  384 AFM210xb2   D2S298            152.04           190.57           113.70
                              0.00             0.00             0.00
  385 AFMb285xg9  D2S2270           152.04           190.57           113.70
                              0.00             0.00             0.00
  386 AFM301za5   D2S361            152.04           190.57           113.70
                              0.00             0.00             0.00
  387 AFMa191xg5  D2S2184           152.04           190.57           113.70
                              1.62             1.09             1.27
  388 AFM297wc1   D2S356            153.66           191.66           114.97
                              0.00             0.00             1.42
  389 AFMc010za5  D2S2324           153.66           191.66           116.39
                              0.82             1.09             0.00
  390 AFMb297ze9  D2S2275           154.48           192.75           116.39
                              0.00             0.00             0.00
  391 AFMb302yb9  D2S2277           154.48           192.75           116.39
                              0.00             0.00             0.00
  392 AFMa348wh1  D2S2236           154.48           192.75           116.39
                              2.44             2.19             2.68
  393 AFM199zb8   D2S2241           156.92           194.94           119.07
                              0.63             1.10             0.08
  394 AFM144yf8   D2S321            157.55           196.04           119.15
                              0.00             0.00             0.49
  395 AFMb331yf1  D2S2299           157.55           196.04           119.64
                              3.71             6.57             0.50
  396 AFM094xb3   D2S2360           161.26           202.61           120.14
                              0.00             0.00             0.00
* 397 GATA113F01  Unknown           161.26           202.61           120.14
                              0.00             0.00             0.00
  398 AFM183xc3   D2S141            161.26           202.61           120.14
                              0.00             0.00             0.00
  399 AFM191wg9   D2S142            161.26           202.61           120.14
                              0.55             0.00             1.07
  400 AFM192yd2   D2S284            161.81           202.61           121.21
                              0.00             0.00             0.00
  401 Mfd350      D2S418            161.81           202.61           121.21
                              2.70             3.27             2.15
  402 AFMb317zg1  D2S2290           164.51           205.88           123.36
                              0.00             0.00             0.00
  403 AFM211yd6   D2S156            164.51           205.88           123.36
                              0.00             0.00             0.00
  404 AFMa049zd5  D2S2357           164.51           205.88           123.36
                              0.00             0.00             0.00
  405 AFM164wa11  D2S2190           164.51           205.88           123.36
                              0.00             0.00             0.00
  406 ATA27H09    D2S1353           164.51           205.88           123.36
                              0.30             0.00             0.59
  407 AFM225zd8   D2S306            164.81           205.88           123.95
                              0.25             0.00             0.49
  408 AFMa061xe1  D2S2370           165.06           205.88           124.44
                              1.45             1.63             1.35
  409 AFMa081za9  D2S2380           166.51           207.51           125.79
                              0.00             0.35             0.00
  410 AFM135xa7   D2S2395           166.51           207.86           125.79
                              0.00             0.42             0.00
  411 AFM296xa5   D2S354            166.51           208.28           125.79
                              2.90             0.87             4.04
  412 AFMa083xd1  D2S2384           169.41           209.15           129.83
                              0.00             0.00             0.00
  413 AFMa053ze1  D2S2363           169.41           209.15           129.83
                              0.00             0.00             0.00
  414 AFMa131wb9  D2S399            169.41           209.15           129.83
                              0.00             0.00             0.00
  415 AFMa119yh5  D2S2157           169.41           209.15           129.83
                              0.00             0.00             0.00
  416 AFM021tc1   D2S111            169.41           209.15           129.83
                              0.00             0.00             0.00
  417 AFM094zc9   D2S124            169.41           209.15           129.83
                              0.00             0.00             0.00
  418 AFM164za5   D2S2195           169.41           209.15           129.83
                              0.00             0.00             0.00
  419 AFMc015yd9  D2S2330           169.41           209.15           129.83
                              0.00             0.00             0.00
* 420 GATA42D08   D2S1379           169.41           209.15           129.83
                              0.00             0.00             0.00
  421 AFM321zf9   D2S382            169.41           209.15           129.83
                              1.63             1.10             2.14
  422 AFM080xg9   D2S2345           171.04           210.25           131.97
                              1.96             3.28             0.27
  423 GATA71D01   D2S1776           173.00           213.53           132.24
                              0.00             0.00             0.27
  424 UT493       D2S1281           173.00           213.53           132.51
                              1.30             2.19             0.21
  425 AFM205xf12  D2S294            174.30           215.72           132.72
                              0.00             0.82             0.16
  426 AFM319xg1   D2S376            174.30           216.54           132.88
                              0.00             0.61             0.17
  427 AFMb314ye1  D2S2284           174.30           217.15           133.05
                              1.61             0.76             1.06
  428 AFMa082tf5  D2S2381           175.91           217.91           134.11
                              0.00             0.00             0.00
  429 AFMa155tf9  D2S2177           175.91           217.91           134.11
                              0.00             0.00             0.00
  430 AFM275yd5   D2S335            175.91           217.91           134.11
                              0.00             0.00             0.00
  431 AFM270ze9   D2S333            175.91           217.91           134.11
                              0.00             0.00             0.00
  432 AFMa222xb9  D2S2194           175.91           217.91           134.11
                              0.00             0.00             0.00
  433 AFMb342zd9  D2S2302           175.91           217.91           134.11
                              1.62             3.84             0.00
  434 AFM266ve1   D2S326            177.53           221.75           134.11
                              0.00             0.00             0.36
  435 UT7564      D2S1274           177.53           221.75           134.47
                              0.00             0.00             0.59
  436 UT433       D2S1238           177.53           221.75           135.06
                              0.00             0.00             0.56
  437 UT6478      D2S1267           177.53           221.75           135.62
                              3.26             3.86             0.65
  438 AFMa203ye5  D2S2188           180.79           225.61           136.27
                              0.00             0.00             0.00
  439 GATA194A05  Unknown           180.79           225.61           136.27
                              0.00             0.00             0.37
  440 AFMb354wc5  D2S2307           180.79           225.61           136.64
                              0.73             1.10             0.21
  441 AFMb049yd1  D2S2257           181.52           226.71           136.85
                              0.72             1.09             0.15
  442 AFMb358ya5  D2S2314           182.24           227.80           137.00
                              0.32             0.47             0.16
  443 UT500       D2S1245           182.56           228.27           137.16
                              0.40             0.62             0.18
  444 AFM214xc3   D2S300            182.96           228.89           137.34
                              0.00             0.00             0.00
  445 AFMa143yh9  D2S2173           182.96           228.89           137.34
                              0.00             0.00             0.04
  446 AFM176xd4   D2S138            182.96           228.89           137.38
                              0.00             0.00             0.37
  447 AFM326yf9   D2S385            182.96           228.89           137.75
                              0.00             0.00             0.52
  448 AFM200wa11  D2S148            182.96           228.89           138.27
                              1.08             0.00             0.14
  449 AFM263xe1   D2S324            184.04           228.89           138.41
                              1.09             3.27             0.00
  450 AFMb355xd5  D2S2310           185.13           232.16           138.41
                              0.00             0.00             0.00
  451 AFM323zd5   D2S384            185.13           232.16           138.41
                              0.00             0.00             0.00
  452 ATA44H04    Unknown           185.13           232.16           138.41
                              0.00             0.51             0.00
  453 AFMb072wg1  D2S2261           185.13           232.67           138.41
                              1.08             0.58             1.06
  454 AFMb310xf5  D2S2281           186.21           233.25           139.47
                              0.00             0.00             0.00
  455 GATA65C03   D2S1391           186.21           233.25           139.47
                              0.00             0.00             0.00
  456 AFMb297xc1  D2S2273           186.21           233.25           139.47
                              0.00             0.00             0.00
  457 AFM303ya9   D2S364            186.21           233.25           139.47
                              0.63             1.32             0.00
  458 AFMa057vg9  D2S2366           186.84           234.57           139.47
                              1.27             0.36             1.07
  459 Mfd145A     D2S103            188.11           234.93           140.54
                              0.00             0.40             0.00
  460 AFM292wd1   D2S350            188.11           235.33           140.54
                              0.00             0.45             0.00
  461 AFM207xg1   D2S152            188.11           235.78           140.54
                              0.00             0.11             0.00
  462 GATA14E05   Unknown           188.11           235.89           140.54
                              1.89             3.95             0.00
  463 AFM066xc1   D2S118            190.00           239.84           140.54
                              0.00             0.00             0.00
  464 AFM105xc1   D2S318            190.00           239.84           140.54
                              0.00             0.00             0.00
  465 GATA12B05   D2S426            190.00           239.84           140.54
                              0.00             0.00             0.00
  466 GATA71C07   D2S1775           190.00           239.84           140.54
                              0.00             0.00             0.00
  467 AFMb082ye1  D2S2262           190.00           239.84           140.54
                              0.00             0.00             0.00
  468 ATA29E07    Unknown           190.00           239.84           140.54
                              0.00             0.00             0.00
  469 AFM155ye1   D2S280            190.00           239.84           140.54
                              0.00             0.00             0.00
  470 UT866       D2S270            190.00           239.84           140.54
                              0.00             0.00             0.00
  471 AFM333wf9   D2S389            190.00           239.84           140.54
                              0.00             0.00             0.00
  472 AFMb007wc1  D2S2246           190.00           239.84           140.54
                              1.08             2.75             0.00
  473 AFM224zf4   D2S161            191.08           242.59           140.54
                              2.18             2.75             0.53
  474 ATA24F09    D2S1350           193.26           245.34           141.07
                              0.00             0.00             0.54
  475 GATA11H04   D2S425            193.26           245.34           141.61
                              0.00             0.00             0.00
  476 AFM081yg5   D2S315            193.26           245.34           141.61
                              0.00             0.00             0.00
  477 AFMa130zf9  D2S2167           193.26           245.34           141.61
                              0.00             0.00             0.62
  478 UT5048      D2S273            193.26           245.34           142.23
                              1.19             0.33             0.66
  479 AFM297ve9   D2S2336           194.45           245.67           142.89
                              0.00             0.29             0.00
  480 AFM280wd5   D2S342            194.45           245.96           142.89
                              0.00             0.46             0.00
  481 AFM065yf11  D2S117            194.45           246.42           142.89
                              1.20             2.18             0.00
  482 GATA28B07   Unknown           195.65           248.60           142.89
                              0.00             0.00             0.00
  483 AFMa084yf9  D2S2387           195.65           248.60           142.89
                              0.00             0.00             0.00
  484 AFM092yd11  D2S316            195.65           248.60           142.89
                              0.00             0.00             0.00
  485 AFM289xd9   D2S348            195.65           248.60           142.89
                              0.00             0.00             0.00
  486 AFM058ye3   D2S115            195.65           248.60           142.89
                              0.00             0.00             0.00
  487 AFMc005wb9  D2S2318           195.65           248.60           142.89
                              1.20             0.00             2.56
  488 GATA149B10  Unknown           196.85           248.60           145.45
                              0.00             0.00             0.00
  489 AFMa289xc1  D2S2217           196.85           248.60           145.45
                              0.00             0.00             0.00
  490 AFMc013yd5  D2S2327           196.85           248.60           145.45
                              0.00             0.00             0.00
  491 Mfd156A     D2S105            196.85           248.60           145.45
                              0.00             0.00             0.00
  492 AFM318wf1   D2S374            196.85           248.60           145.45
                              0.00             0.00             0.00
  493 AFMa100zh5  D2S2392           196.85           248.60           145.45
                              0.00             0.00             0.00
  494 AFMb315xd5  D2S2287           196.85           248.60           145.45
                              0.00             0.00             0.00
  495 AFM135xf12  D2S2396           196.85           248.60           145.45
                              0.00             0.00             0.00
  496 AFM234zh6   D2S311            196.85           248.60           145.45
                              1.80             0.08             2.56
  497 AFM064xh7   D2S116            198.65           248.68           148.01
                              0.00             0.31             0.00
  498 AFM269zf9   D2S2309           198.65           248.99           148.01
                              0.00             0.34             0.00
  499 Mfd36       D2S72             198.65           249.33           148.01
                              0.00             0.36             0.00
* 500 GATA161E02  Unknown           198.65           249.69           148.01
                              0.00             0.00             0.00
  501 AFMa285zb9  D2S2214           198.65           249.69           148.01
                              0.00             0.00             0.00
  502 AFM289vf5   D2S346            198.65           249.69           148.01
                              0.00             0.00             0.00
  503 AFM234vg5   D2S309            198.65           249.69           148.01
                              0.53             1.07             0.00
  504 AFMa203zf1  D2S2189           199.18           250.76           148.01
                              0.00             0.00             0.00
  505 AFM074xg9   D2S307            199.18           250.76           148.01
                              0.00             0.00             0.00
  506 AFMb316zc5  D2S2289           199.18           250.76           148.01
                              1.25             2.53             0.00
  507 AFM199yf2   D2S2237           200.43           253.29           148.01
                              0.00             0.00             0.00
  508 GATA52A04   D2S1384           200.43           253.29           148.01
                              2.49             5.05             0.00
  509 AFM304tb5   D2S369            202.92           258.34           148.01
                              0.00             0.00             0.00
  510 AFM210yf10  D2S155            202.92           258.34           148.01
                              0.00             0.00             0.00
  511 GATA74C07   D2S1782           202.92           258.34           148.01
                              0.54             1.07             0.00
  512 AFMa050ya5  D2S2358           203.46           259.41           148.01
                              1.07             2.14             0.00
  513 AFMa216zd1  D2S2192           204.53           261.55           148.01
                              0.00             0.00             0.00
  514 UT430       D2S254            204.53           261.55           148.01
                              0.00             0.00             0.00
  515 AFM296xb9   D2S355            204.53           261.55           148.01
                              0.00             0.00             0.00
  516 AFM266vc5   D2S325            204.53           261.55           148.01
                              0.53             1.07             0.00
  517 AFMa246xc5  D2S2208           205.06           262.62           148.01
                              0.00             0.00             0.00
  518 AFMc009wh1  D2S2321           205.06           262.62           148.01
                              0.00             0.00             0.00
  519 AFMb297ya9  D2S2274           205.06           262.62           148.01
                              0.00             0.00             0.00
  520 AFMa351zd1  D2S2242           205.06           262.62           148.01
                              0.00             0.00             0.00
  521 ATC3E01     D2S422            205.06           262.62           148.01
                              0.53             0.00             1.07
  522 AFM157xg9   D2S2178           205.59           262.62           149.08
                              0.54             0.00             1.07
  523 207ye11     D2S153            206.13           262.62           150.15
                              0.00             0.00             0.00
  524 AFM262xe5   D2S322            206.13           262.62           150.15
                              0.00             0.00             0.00
  525 AFM210yc11  D2S154            206.13           262.62           150.15
                              0.00             0.00             0.00
  526 GATA29A06   D2S1369           206.13           262.62           150.15
                              0.00             0.00             0.00
  527 AFM212ze9   D2S157            206.13           262.62           150.15
                              0.61             1.07             0.00
  528 AFM311vg9   D2S371            206.74           263.69           150.15
                              0.00             0.00             0.00
  529 GATA52C06   D2S1385           206.74           263.69           150.15
                              0.00             0.00             0.00
  530 UT7691      D2S1276           206.74           263.69           150.15
                              1.84             3.59             0.00
  531 AFM094xf11  D2S317            208.58           267.28           150.15
                              1.85             0.64             2.13
  532 UT1385      D2S1259           210.43           267.92           152.28
                              0.00             0.58             0.00
  533 UT6232      D2S1266           210.43           268.50           152.28
                              0.00             0.58             0.00
  534 GATA30E06   D2S2944           210.43           269.08           152.28
                              0.00             0.00             0.00
  535 AFMa052tc1  D2S2361           210.43           269.08           152.28
                              0.00             0.00             0.00
  536 AFM172xg3   D2S137            210.43           269.08           152.28
                              0.00             0.00             0.00
  537 AFMa101xg5  D2S2394           210.43           269.08           152.28
                              0.00             0.00             0.00
  538 GATA42E06   Unknown           210.43           269.08           152.28
                              0.00             0.00             0.00
  539 AFM275vh5   D2S2319           210.43           269.08           152.28
                              0.00             0.00             0.00
  540 AFM191xb8   D2S143            210.43           269.08           152.28
                              0.00             0.00             0.00
  541 ATA21C10    D2S1345           210.43           269.08           152.28
                              0.00             0.00             0.00
  542 AFM273va9   D2S334            210.43           269.08           152.28
                              0.00             0.00             0.00
  543 GATA26D05   D2S1327           210.43           269.08           152.28
                              0.00             0.00             0.00
  544 AFMc009yh1  D2S2322           210.43           269.08           152.28
                              0.00             0.00             0.00
  545 AFM143xd12  D2S128            210.43           269.08           152.28
                              3.06             4.29             2.13
  546 AFMa082xc5  D2S2382           213.49           273.37           154.41
                              1.22             0.84             0.00
  547 AFMb009zd5  D2S2248           214.71           274.21           154.41
                              0.00             1.31             0.00
  548 AFM234xb8   D2S164            214.71           275.52           154.41
                              0.00             0.00             0.00
  549 AFM214ye1   D2S301            214.71           275.52           154.41
                              0.54             1.07             0.00
  550 GATA29E02   D2S1371           215.25           276.59           154.41
                              0.53             1.07             0.00
  551 AFMa246xh5  D2S2210           215.78           277.66           154.41
                              0.00             0.00             0.00
  552 AFMa175vf1  D2S2179           215.78           277.66           154.41
                              0.00             0.00             0.00
  553 AFMb013ye1  D2S2249           215.78           277.66           154.41
                              0.00             0.00             0.00
  554 GATA4G12    D2S434            215.78           277.66           154.41
                              0.00             0.00             0.00
  555 Mfd149A     D2S104            215.78           277.66           154.41
                              0.00             0.00             0.00
  556 AFM249wg9   D2S173            215.78           277.66           154.41
                              0.00             0.00             0.00
  557 GGAA3A09    D2S1338           215.78           277.66           154.41
                              0.00             0.00             0.00
  558 AFMa357wc9  D2S2244           215.78           277.66           154.41
                              0.00             0.00             0.00
  559 AFM205yb4   D2S295            215.78           277.66           154.41
                              0.53             1.07             0.00
  560 GATA3F05    D2S433            216.31           278.73           154.41
                              0.00             0.00             0.00
  561 AFMb018xb5  D2S2250           216.31           278.73           154.41
                              2.14             4.28             0.00
  562 UT1459      D2S1242           218.45           283.01           154.41
                              0.00             0.00             0.00
  563 AFM077yc5   D2S120            218.45           283.01           154.41
                              0.00             0.00             0.00
  564 GAAT1C10    D2S424            218.45           283.01           154.41
                              0.00             0.00             0.00
  565 AFM234wa9   D2S163            218.45           283.01           154.41
                              0.00             0.00             0.00
  566 AFMa050ye5  D2S2359           218.45           283.01           154.41
                              0.00             0.00             0.00
  567 AFMa109wg5  D2S2151           218.45           283.01           154.41
                              1.07             2.15             0.00
  568 AFM284vd9   D2S344            219.52           285.16           154.41
                              1.07             2.15             0.00
  569 AFM319zf9   D2S377            220.59           287.31           154.41
                              0.54             1.07             0.00
  570 GAAT1B02    D2S1323           221.13           288.38           154.41
                              0.00             0.00             0.00
  571 AFM277vb9   D2S339            221.13           288.38           154.41
                              0.00             0.00             0.00
  572 AFM119xc7   D2S126            221.13           288.38           154.41
                              0.00             0.00             0.00
  573 AFMa104yd5  D2S2148           221.13           288.38           154.41
                              0.00             0.00             0.00
  574 AFMa061yf9  D2S2372           221.13           288.38           154.41
                              1.07             0.72             1.07
  575 AFM261yb1   D2S2300           222.20           289.10           155.48
                              0.00             0.10             0.00
  576 AFM079za5   D2S313            222.20           289.20           155.48
                              0.00             0.14             0.00
  577 AFMc010xc1  D2S2323           222.20           289.34           155.48
                              0.00             0.11             0.00
  578 Mfd128B     D2S102            222.20           289.45           155.48
                              0.00             0.00             0.00
  579 AFMa224xd5  D2S2197           222.20           289.45           155.48
                              0.53             1.07             0.00
  580 AFM301wg1   D2S360            222.73           290.52           155.48
                              0.00             0.00             0.63
  581 AFM150xf2   D2S130            222.73           290.52           156.11
                              1.60             2.13             0.44
  582 AFM165zh8   D2S133            224.33           292.65           156.55
                              0.00             0.00             0.00
  583 UT1340      D2S279            224.33           292.65           156.55
                              0.00             0.00             0.00
  584 AFMa337zd1  D2S2228           224.33           292.65           156.55
                              1.34             1.07             0.00
  585 AFM294yf5   D2S351            225.67           293.72           156.55
                              0.00             0.00             0.00
  586 AFM127xb4   D2S2390           225.67           293.72           156.55
                              0.00             0.00             0.00
* 587 AFM296vh9   D2S353            225.67           293.72           156.55
                              1.33             0.00             4.27
  588 UT709       D2S268            227.00           293.72           160.82
                              0.00             0.00             0.00
  589 AFMa240xh1  D2S2204           227.00           293.72           160.82
                              0.00             0.00             0.00
  590 GATA23D03   D2S1363           227.00           293.72           160.82
                              0.00             0.00             0.00
  591 AFMb354we5  D2S2308           227.00           293.72           160.82
                              0.54             0.00             1.06
  592 AFMa046we1  D2S2354           227.54           293.72           161.88
                              0.47             0.02             0.56
  593 ATA24E12    D2S1349           228.01           293.74           162.44
                              0.60             0.02             0.51
  594 AFM218zg3   D2S159            228.61           293.76           162.95
                              0.00             1.02             0.00
  595 AFMa090zh5  D2S2389           228.61           294.78           162.95
                              0.53             0.00             1.07
  596 AFMa140yg9  D2S401            229.14           294.78           164.02
                              0.00             0.00             0.00
  597 AFMa121za9  D2S2158           229.14           294.78           164.02
                              2.13             2.14             2.13
* 598 GATA43F06   Unknown           231.27           296.92           166.15
                              0.00             0.00             0.00
  599 UT506       D2S260            231.27           296.92           166.15
                              0.00             0.00             0.00
  600 AFMa196vd1  D2S2185           231.27           296.92           166.15
                              0.00             0.00             0.00
  601 GATA6E08    D2S439            231.27           296.92           166.15
                              0.00             0.00             0.00
  602 UT501       D2S1239           231.27           296.92           166.15
                              0.00             0.00             0.00
  603 UT5193      D2S1256           231.27           296.92           166.15
                              0.00             0.00             0.00
  604 AFM302vh9   D2S362            231.27           296.92           166.15
                              0.54             0.00             1.10
  605 AFMa289ye1  D2S2218           231.81           296.92           167.25
                              0.00             0.00             0.00
  606 AFMa283yb1  D2S2213           231.81           296.92           167.25
                              0.55             0.00             1.09
  607 AFMb329we9  D2S2297           232.36           296.92           168.34
                              0.54             1.06             0.00
  608 AFM277wg9   D2S341            232.90           297.98           168.34
                              0.00             0.00             0.71
  609 AFM361ta5   D2S396            232.90           297.98           169.05
                              0.72             0.00             0.39
  610 AFMc004xh5  D2S2317           233.62           297.98           169.44
                              1.45             2.14             1.10
  611 AFM248wc5   D2S172            235.07           300.12           170.54
                              0.00             0.00             0.00
  612 UT432       D2S256            235.07           300.12           170.54
                              0.00             0.00             0.00
  613 AFM324vc9   D2S2340           235.07           300.12           170.54
                              1.63             2.14             1.09
  614 GATA12H10   D2S427            236.70           302.26           171.63
                              0.00             0.00             0.00
  615 AFMb298we9  D2S2276           236.70           302.26           171.63
                              0.00             0.00             0.00
  616 AFMa217yf9  D2S2193           236.70           302.26           171.63
                              1.63             3.47             0.00
  617 AFM333wc5   D2S2344           238.33           305.73           171.63
                              2.46             5.22             0.00
  618 UT8067      D2S1279           240.79           310.95           171.63
                              0.00             0.00             0.00
  619 AFM259yc9   D2S206            240.79           310.95           171.63
                              1.38             0.00             2.23
  620 AFM345yc1   D2S2348           242.17           310.95           173.86
                              0.00             0.00             0.00
  621 AFM269yd9   D2S331            242.17           310.95           173.86
                              0.00             0.00             0.00
  622 AFMa154ye1  D2S2176           242.17           310.95           173.86
                              0.84             1.08             0.00
  623 AFMa345yd1  D2S2234           243.01           312.03           173.86
                              0.00             0.00             0.00
  624 AFMa240yf1  D2S2205           243.01           312.03           173.86
                              2.43             2.90             2.61
  625 AFM275yf5   D2S336            245.44           314.93           176.47
                              2.41             1.42             3.50
  626 GATA151D12  Unknown           247.85           316.35           179.97
                              0.00             0.03             0.00
  627 GATA23A02   Unknown           247.85           316.38           179.97
                              1.37             1.08             1.73
  628 AFMa239yc5  D2S2202           249.22           317.46           181.70
                              0.00             0.00             0.00
  629 GCT8B09     D2S1397           249.22           317.46           181.70
                              1.32             2.53             0.00
  630 AFM276zf5   D2S338            250.54           319.99           181.70
                              0.70             2.57             0.00
  631 GAAT3C11    Unknown           251.24           322.56           181.70
                              0.00             0.00             0.00
  632 AFM288vb1   D2S345            251.24           322.56           181.70
                              0.70             0.00             1.14
  633 GATA178G09  D2S2968           251.94           322.56           182.84
                              6.55             2.55             9.38
  634 AFMb037yd1  D2S2253           258.49           325.11           192.22
                              0.00             0.00             0.00
  635 AFMb314yg9  D2S2285           258.49           325.11           192.22
                              2.14             0.00             4.60
  636 AFM112yd4   D2S125            260.63           325.11           196.82
                              0.71             0.00             1.52
  637 AFM356te5   D2S395            261.34           325.11           198.34
                              2.22             0.00             3.80
  638 AFM182ya5   D2S140            263.56           325.11           202.14
                              0.00             0.00             0.00
  639 2QTEL86     D2S2987           263.56           325.11           202.14
                              0.00             0.00             0.00
  640 2QTEL37     D2S2985           263.56           325.11           202.14
                              0.00             0.00             0.00
  641 2QTEL44     D2S2585           263.56           325.11           202.14
                              0.97             0.00             1.69
  642 2QTEL47     D2S2986           264.53           325.11           203.83
                              4.54             5.76             5.12
  643 AFM312ye1   D2S2338           269.07           330.87           208.95
