      Marker      Dnumber      sex-ave(cM)      female(cM)        male(cM)

    1 20PEND      D20S1156            0.00             0.00             0.00
                              0.00             0.00             0.00
    2 20PTEL04    D20S1155            0.00             0.00             0.00
                              0.00             0.00             0.00
    3 20PTEL18    D20S1157            0.00             0.00             0.00
                              0.00             0.00             0.00
    4 AFMa343xc9  D20S864             0.00             0.00             0.00
                              2.13             0.00             4.14
    5 AFM077xd3   D20S103             2.13             0.00             4.14
                              0.70             0.00             1.34
    6 AFM248yc5   D20S117             2.83             0.00             5.48
                              0.00             0.00             0.00
    7 AFM123xh12  D20S105             2.83             0.00             5.48
                              3.42             0.51             6.00
    8 AFMa131wf1  D20S199             6.25             0.51            11.48
                              1.36             0.46             2.40
    9 AFM338td9   D20S906             7.61             0.97            13.88
                              1.36             0.63             2.38
   10 AFM333xe5   D20S198             8.97             1.60            16.26
                              0.00             0.00             0.00
   11 AFM205th8   D20S113             8.97             1.60            16.26
                              0.00             0.00             0.00
   12 AFMa175vb1  D20S842             8.97             1.60            16.26
                              0.56             0.00             1.08
   13 ATA21E04    D20S473             9.53             1.60            17.34
                              0.00             0.00             0.00
   14 AFM308we1   D20S193             9.53             1.60            17.34
                              0.00             0.88             0.00
   15 AFM240zf4   D20S181             9.53             2.48            17.34
                              1.67             0.73             2.14
   16 AFM234tf10  D20S889            11.20             3.21            19.48
                              0.00             0.00             0.00
   17 AFM240wb8   D20S179            11.20             3.21            19.48
                              0.00             0.00             0.00
   18 AFM248td1   D20S116            11.20             3.21            19.48
                              0.92             0.00             1.78
*  19 GATA149E11  Unknown            12.12             3.21            21.26
                              0.00             0.00             0.00
   20 AFMb026xh5  D20S867            12.12             3.21            21.26
                              0.00             0.00             0.00
   21 AFM036ya3   D20S97             12.12             3.21            21.26
                              1.86             0.00             3.60
   22 AFMa217zh9  D20S849            13.98             3.21            24.86
                              0.00             0.00             0.00
   23 UT235       D20S437            13.98             3.21            24.86
                              0.00             0.00             0.00
   24 AFMb352xd9  D20S895            13.98             3.21            24.86
                              1.07             0.00             2.14
   25 AFMa130ya9  D20S835            15.05             3.21            27.00
                              0.00             0.00             0.00
   26 AFMb058xa9  D20S873            15.05             3.21            27.00
                              0.00             0.00             0.00
   27 AFMb290wh5  D20S882            15.05             3.21            27.00
                              1.60             3.21             0.00
   28 AFM023ta1   D20S95             16.65             6.42            27.00
                              0.54             0.00             1.07
   29 AFMa085zh9  D20S916            17.19             6.42            28.07
                              0.00             0.00             0.00
   30 AFM303zd5   D20S905            17.19             6.42            28.07
                              0.55             1.08             0.00
   31 UT970       D20S156            17.74             7.50            28.07
                              0.52             1.07             0.00
   32 AFM317te5   D20S194            18.26             8.57            28.07
                              0.53             1.07             0.00
   33 AFM299xd1   D20S192            18.79             9.64            28.07
                              0.00             0.00             0.00
   34 AFMb344xb1  D20S892            18.79             9.64            28.07
                              0.00             0.08             0.00
   35 AFMa196wf5  D20S846            18.79             9.72            28.07
                              0.00             0.15             0.00
   36 UT250       D20S448            18.79             9.87            28.07
                              2.36             1.91             2.56
   37 AFMc017ze1  D20S900            21.15            11.78            30.63
                              0.00             0.00             0.00
   38 GATA72E11   Unknown            21.15            11.78            30.63
                              0.00             0.00             0.00
   39 AFM218yg3   D20S115            21.15            11.78            30.63
                              0.00             0.00             0.00
   40 AFM345td1   D20S907            21.15            11.78            30.63
                              2.66             3.21             2.59
   41 AFMb281yf1  D20S879            23.81            14.99            33.22
                              0.89             0.00             1.30
   42 AFM234zb12  D20S175            24.70            14.99            34.52
                              0.00             0.00             0.00
   43 D20S5       D20S5              24.70            14.99            34.52
                              0.00             0.00             0.00
   44 AFM238zc11  D20S177            24.70            14.99            34.52
                              0.00             0.00             0.00
   45 AFMa086we9  D20S917            24.70            14.99            34.52
                              0.00             0.00             0.00
   46 AFMa218yb5  D20S851            24.70            14.99            34.52
                              0.00             0.00             0.00
   47 UT1689      D20S162            24.70            14.99            34.52
                              1.43             5.70             0.00
   48 AFMc020ve9  D20S901            26.13            20.69            34.52
                              1.53             0.00             1.49
   49 UT2012      D20S160            27.66            20.69            36.01
                              1.43             1.51             0.67
   50 AFM288zf5   D20S188            29.09            22.20            36.68
                              1.47             1.24             1.08
   51 AFM292xb5   D20S189            30.56            23.44            37.76
                              0.00             0.00             0.00
   52 AFMb348yb5  D20S894            30.56            23.44            37.76
                              0.87             0.00             1.06
   53 UT1705      D20S163            31.43            23.44            38.82
                              0.87             2.40             0.00
   54 Mfd25       D20S27             32.30            25.84            38.82
                              0.00             0.00             0.00
   55 UT246       D20S446            32.30            25.84            38.82
                              0.00             0.00             0.00
   56 D20S61      D20S61             32.30            25.84            38.82
                              0.00             0.00             0.00
   57 UT239       D20S440            32.30            25.84            38.82
                              0.00             0.00             0.00
   58 AFM120xc7   D20S186            32.30            25.84            38.82
                              0.64             1.07             0.00
   59 GATA81E09   D20S604            32.94            26.91            38.82
                              1.28             2.14             0.00
   60 AFMa081th9  D20S915            34.22            29.05            38.82
                              0.00             0.00             0.00
   61 Mfd136A     D20S66             34.22            29.05            38.82
                              1.29             0.00             3.21
   62 AFMa055yg5  D20S910            35.51            29.05            42.03
                              0.00             0.00             0.00
   63 UT759       D20S152            35.51            29.05            42.03
                              0.00             0.00             0.00
   64 AFMc013xe5  D20S898            35.51            29.05            42.03
                              0.00             0.00             0.00
*  65 GATA129B03  Unknown            35.51            29.05            42.03
                              0.00             0.00             0.00
   66 AFM211yb8   D20S172            35.51            29.05            42.03
                              1.07             1.07             1.07
   67 AFMa224xf1  D20S852            36.58            30.12            43.10
                              1.07             2.14             0.00
   68 AFM102xa7   D20S104            37.65            32.26            43.10
                              0.00             0.00             0.00
   69 AFM291we5   D20S904            37.65            32.26            43.10
                              0.00             0.00             0.00
   70 AFM044xb4   D20S98             37.65            32.26            43.10
                              1.07             2.13             0.00
*  71 GATA142C02  Unknown            38.72            34.39            43.10
                              0.00             0.00             0.00
   72 AFMb067xg1  D20S875            38.72            34.39            43.10
                              0.53             1.07             0.00
   73 AFM197xb12  D20S112            39.25            35.46            43.10
                              0.00             0.00             0.00
   74 AFM210vb4   D20S114            39.25            35.46            43.10
                              0.00             0.00             0.00
   75 UT251       D20S449            39.25            35.46            43.10
                              0.00             0.00             0.00
   76 UT273       D20S453            39.25            35.46            43.10
                              0.00             0.00             0.00
   77 ATA4B02     Unknown            39.25            35.46            43.10
                              0.00             0.00             0.00
   78 AFM260xg5   D20S118            39.25            35.46            43.10
                              0.00             0.00             0.00
*  79 GGAA7E02    D20S470            39.25            35.46            43.10
                              0.65             1.31             0.00
   80 AFM242yf8   D20S182            39.90            36.77            43.10
                              0.00             0.00             0.00
   81 GATA83F12   Unknown            39.90            36.77            43.10
                              0.00             0.00             0.00
   82 AFMb296xc9  D20S885            39.90            36.77            43.10
                              0.65             1.32             0.00
   83 AFMa337zh9  D20S860            40.55            38.09            43.10
                              1.73             3.10             1.07
*  84 GGAA9H11    D20S471            42.28            41.19            44.17
                              3.49             6.44             0.12
   85 D20S54      D20S54             45.77            47.63            44.29
                              0.94             1.58             0.00
   86 GATA137B10  Unknown            46.71            49.21            44.29
                              0.00             0.00             0.00
   87 AFMa070xg5  D20S912            46.71            49.21            44.29
                              0.38             0.80             0.00
   88 AFMb027zb9  D20S868            47.09            50.01            44.29
                              0.43             0.85             0.00
   89 AFM294vb5   D20S190            47.52            50.86            44.29
                              0.00             0.00             0.00
*  90 GATA134B10  Unknown            47.52            50.86            44.29
                              0.00             0.00             0.00
   91 AFM240wg1   D20S180            47.52            50.86            44.29
                              0.00             0.00             0.00
*  92 ATA20C01    D20S472            47.52            50.86            44.29
                              1.09             2.17             0.00
   93 AFM058xa1   D20S101            48.61            53.03            44.29
                              0.00             0.00             0.00
   94 AFM248xb9   D20S184            48.61            53.03            44.29
                              0.00             0.00             0.00
   95 AFMb038ya9  D20S871            48.61            53.03            44.29
                              0.24             0.19             0.16
   96 Mfd134A     D20S65             48.85            53.22            44.45
                              0.37             0.32             0.28
   97 GGAA22C02   D20S486            49.22            53.54            44.73
                              0.49             0.58             0.28
   98 AFMb054zh9  D20S872            49.71            54.12            45.01
                              0.00             0.00             0.37
   99 UT741I      Unknown            49.71            54.12            45.38
                              0.00             0.00             0.00
  100 UT741II     Unknown            49.71            54.12            45.38
                              0.00             0.00             0.00
  101 AFMa339xf5  D20S863            49.71            54.12            45.38
                              0.00             0.00             0.04
  102 UT704I      Unknown            49.71            54.12            45.42
                              0.00             0.00             0.02
* 103 AFM190xg1   D20S111            49.71            54.12            45.44
                              0.00             0.00             0.03
  104 UT487       D20S148            49.71            54.12            45.47
                              0.00             0.00             0.00
  105 AFMa191xc1  D20S844            49.71            54.12            45.47
                              0.00             0.00             0.00
  106 GATA65E02   D20S484            49.71            54.12            45.47
                              0.00             0.00             0.00
  107 AFMa210wh9  D20S848            49.71            54.12            45.47
                              0.55             1.08             0.00
  108 AFMa141xd9  D20S200            50.26            55.20            45.47
                              0.00             0.00             0.00
  109 AFM288yb1   D20S903            50.26            55.20            45.47
                              0.00             0.00             0.00
  110 AFM294zc5   D20S191            50.26            55.20            45.47
                              0.00             0.00             0.00
  111 AFMa176xc9  D20S843            50.26            55.20            45.47
                              0.55             1.08             0.00
  112 AFM275vc9   D20S896            50.81            56.28            45.47
                              0.00             0.00             0.00
  113 AFM262xf9   D20S187            50.81            56.28            45.47
                              0.00             0.00             0.00
  114 AFMa072zf9  D20S914            50.81            56.28            45.47
                              0.00             0.00             0.00
  115 AFMa045ze5  D20S909            50.81            56.28            45.47
                              0.00             0.00             0.00
  116 AFM123yf8   D20S106            50.81            56.28            45.47
                              0.00             0.00             0.00
  117 AFMa197yd5  D20S847            50.81            56.28            45.47
                              0.00             0.00             0.00
  118 AFMb059wb1  D20S874            50.81            56.28            45.47
                              0.00             0.00             0.00
  119 AFMb030xe9  D20S870            50.81            56.28            45.47
                              0.00             0.00             0.00
  120 AFM321xc1   D20S195            50.81            56.28            45.47
                              0.00             0.00             0.00
  121 AFMa136zg5  D20S837            50.81            56.28            45.47
                              0.00             0.00             0.00
  122 AFMb318xe1  D20S890            50.81            56.28            45.47
                              0.00             0.00             0.00
  123 GATA65E01   Unknown            50.81            56.28            45.47
                              0.00             0.00             0.00
  124 AFMa357zb9  D20S865            50.81            56.28            45.47
                              0.00             0.00             0.00
  125 AFMb280xh5  D20S878            50.81            56.28            45.47
                              0.55             1.09             0.00
  126 AFMa123wd1  D20S834            51.36            57.37            45.47
                              0.00             0.00             0.00
  127 AFMa163xh1  D20S841            51.36            57.37            45.47
                              0.00             0.00             0.00
  128 AFMb291xd9  D20S884            51.36            57.37            45.47
                              0.00             0.00             0.00
  129 AFM189xb6   D20S859            51.36            57.37            45.47
                              2.73             5.43             0.00
  130 GATA42A03   D20S478            54.09            62.80            45.47
                              0.00             0.00             0.00
  131 UT236       D20S438            54.09            62.80            45.47
                              0.00             0.00             0.00
  132 AFM224yc1   D20S174            54.09            62.80            45.47
                              0.00             0.00             0.00
  133 AFM345vh5   D20S908            54.09            62.80            45.47
                              0.00             0.00             0.00
  134 GATA124A11  Unknown            54.09            62.80            45.47
                              0.00             0.00             0.24
  135 AFMb286ye9  D20S881            54.09            62.80            45.71
                              1.65             2.17             0.35
  136 GATA90E02   D20S607            55.74            64.97            46.06
                              0.00             0.00             0.27
  137 UT1675      D20S465            55.74            64.97            46.33
                              0.00             0.00             0.33
  138 UT1688      D20S466            55.74            64.97            46.66
                              0.00             0.00             0.00
  139 GATA141H08  Unknown            55.74            64.97            46.66
                              0.00             0.00             0.00
  140 AFM142xh4   D20S107            55.74            64.97            46.66
                              0.55             1.09             0.00
  141 AFMa218wa5  D20S850            56.29            66.06            46.66
                              0.54             1.08             0.00
  142 AFM193xc9   D20S170            56.83            67.14            46.66
                              0.00             0.00             0.00
  143 GATA153H05  Unknown            56.83            67.14            46.66
                              0.00             0.00             0.00
  144 AFMa239wd5  D20S855            56.83            67.14            46.66
                              0.00             0.00             0.00
  145 AFM051xf12  D20S99             56.83            67.14            46.66
                              0.55             1.08             0.00
  146 AFMa285wf1  D20S858            57.38            68.22            46.66
                              0.00             0.00             0.00
  147 AFM163yh8   D20S108            57.38            68.22            46.66
                              1.10             0.28             1.18
  148 AFMc013yh9  D20S899            58.48            68.50            47.84
                              0.00             0.81             0.05
  149 AFMa339wd5  D20S861            58.48            69.31            47.89
                              0.00             0.00             0.03
  150 UT654       D20S424            58.48            69.31            47.92
                              0.00             0.00             0.03
  151 UT275       D20S454            58.48            69.31            47.95
                              0.00             0.00             0.00
  152 UT653       D20S150            58.48            69.31            47.95
                              0.00             0.00             0.00
  153 AFM189ya7   D20S169            58.48            69.31            47.95
                              0.00             0.00             0.10
  154 AFM029yc3   D20S96             58.48            69.31            48.05
                              0.00             0.00             0.65
  155 GGAA7E10    Unknown            58.48            69.31            48.70
                              3.29             5.44             0.16
  156 AFMa060wg1  D20S911            61.77            74.75            48.86
                              0.00             0.00             0.16
  157 AFM273yh9   D20S119            61.77            74.75            49.02
                              0.00             0.00             0.00
  158 AFM207zb10  D20S880            61.77            74.75            49.02
                              0.55             1.08             0.00
  159 GATA47F05   D20S481            62.32            75.83            49.02
                              0.00             0.00             0.00
  160 GATA148H05  Unknown            62.32            75.83            49.02
                              2.56             4.35             0.00
  161 AFMa132xe9  D20S836            64.88            80.18            49.02
                              0.00             0.00             0.00
  162 AFMa139wf5  D20S838            64.88            80.18            49.02
                              0.00             0.00             0.00
  163 AFMb299yd1  D20S888            64.88            80.18            49.02
                              0.00             0.00             0.00
  164 AFMa240xf1  D20S856            64.88            80.18            49.02
                              0.00             0.00             0.59
  165 AFMa339we9  D20S862            64.88            80.18            49.61
                              1.28             1.09             1.18
  166 AFM326xd5   D20S197            66.16            81.27            50.79
                              0.00             0.00             0.62
  167 AFM240vd6   D20S178            66.16            81.27            51.41
                              0.00             0.00             0.00
  168 AFMb298wb9  D20S886            66.16            81.27            51.41
                              0.55             1.08             0.00
  169 AFMb336ye5  D20S891            66.71            82.35            51.41
                              2.79             5.62             0.00
  170 UT1307      D20S159            69.50            87.97            51.41
                              2.77             5.58             0.00
  171 UT414       D20S423            72.27            93.55            51.41
                              0.00             0.00             0.00
  172 AFMb017xg5  D20S866            72.27            93.55            51.41
                              0.00             0.00             0.00
  173 AFM238vh6   D20S176            72.27            93.55            51.41
                              0.00             0.46             0.00
  174 AFMb298yh5  D20S887            72.27            94.01            51.41
                              0.00             0.83             0.00
  175 UT245       D20S445            72.27            94.84            51.41
                              2.20             0.89             2.36
  176 AFM165xh2   D20S109            74.47            95.73            53.77
                              0.54             1.09             0.00
  177 AFM321xd1   D20S196            75.01            96.82            53.77
                              0.00             0.00             0.00
  178 AFM205tc9   D20S869            75.01            96.82            53.77
                              0.00             0.00             0.00
  179 D20S33      D20S33             75.01            96.82            53.77
                              2.74             5.43             0.00
  180 UT252       D20S450            77.75           102.25            53.77
                              0.00             0.00             0.00
  181 UT8178      D20S436            77.75           102.25            53.77
                              0.00             0.00             0.00
  182 AFMa244ye9  D20S857            77.75           102.25            53.77
                              0.00             0.00             0.00
  183 AFMa153yc9  D20S839            77.75           102.25            53.77
                              0.00             0.00             0.00
  184 GAAT1F1     Unknown            77.75           102.25            53.77
                              0.00             0.00             0.00
  185 AFMb344ye5  D20S893            77.75           102.25            53.77
                              0.00             0.00             0.00
  186 AFMc010xa9  D20S897            77.75           102.25            53.77
                              0.00             0.00             0.00
  187 UT1747      D20S428            77.75           102.25            53.77
                              0.00             0.00             0.00
  188 AFMa122xc5  D20S833            77.75           102.25            53.77
                              0.00             0.00             0.00
  189 UT1521      D20S427            77.75           102.25            53.77
                              0.00             0.00             0.00
  190 AFM262vf9   D20S185            77.75           102.25            53.77
                              0.00             0.00             0.00
  191 AFMa192wb1  D20S845            77.75           102.25            53.77
                              0.54             1.08             0.00
  192 AFMc028zc5  D20S902            78.29           103.33            53.77
                              0.00             0.49             0.00
  193 AFMb073zb9  D20S877            78.29           103.82            53.77
                              0.00             0.38             0.00
* 194 GATA86F01   Unknown            78.29           104.20            53.77
                              1.62             0.22             2.14
  195 AFM080ya1   D20S211            79.91           104.42            55.91
                              0.00             0.00             0.00
  196 AFMa153yf5  D20S840            79.91           104.42            55.91
                              0.00             0.00             0.00
  197 GATA45B10   D20S480            79.91           104.42            55.91
                              0.72             1.45             0.00
  198 AFMb069wg1  D20S876            80.63           105.87            55.91
                              0.00             0.00             0.00
  199 AFM211xg9   D20S883            80.63           105.87            55.91
                              0.00             0.00             0.00
  200 AFM248wb9   D20S183            80.63           105.87            55.91
                              0.00             0.00             0.00
  201 AFMa233wg1  D20S854            80.63           105.87            55.91
                              1.44             2.90             0.00
  202 GATA46C01   D20S1085           82.07           108.77            55.91
                              0.00             0.00             0.32
  203 AFMa072zb9  D20S913            82.07           108.77            56.23
                              1.44             2.17             0.29
  204 AFM276xh1   D20S120            83.51           110.94            56.52
                              0.72             1.09             0.45
  205 ACT1A04     Unknown            84.23           112.03            56.97
                              0.55             0.00             1.07
  206 GGAA11E12   D20S469            84.78           112.03            58.04
                              0.00             0.00             0.00
  207 AFMa225we9  D20S853            84.78           112.03            58.04
                              0.00             0.00             0.00
  208 ATA7B01     Unknown            84.78           112.03            58.04
                              0.00             0.00             0.00
  209 AFM057xa3   D20S100            84.78           112.03            58.04
                              0.63             0.00             1.08
  210 AFMa114ya5  D20S832            85.41           112.03            59.12
                              1.57             1.71             1.47
  211 AFM066xh3   D20S102            86.98           113.74            60.59
                              0.00             0.00             0.00
  212 UT5015      D20S158            86.98           113.74            60.59
                              0.00             0.00             0.00
  213 UT2447      D20S430            86.98           113.74            60.59
                              0.00             0.00             0.00
  214 UT488       D20S149            86.98           113.74            60.59
                              3.08             1.97             4.04
  215 UT254       D20S451            90.06           115.71            64.63
                              0.01             2.61             0.00
  216 UT243       D20S443            90.07           118.32            64.63
                              5.63             2.59             6.93
  217 AFM046xf6   D20S171            95.70           120.91            71.56
                              2.39             0.00             4.45
  218 AFM218xe7   D20S173            98.09           120.91            76.01
                              0.00             0.00             0.00
  219 D20S15      D20S15             98.09           120.91            76.01
                              0.00             0.00             0.00
  220 UT242       D20S94             98.09           120.91            76.01
                              3.13             0.00             4.78
  221 UT1772      D20S164           101.22           120.91            80.79
