      Marker      Dnumber      sex-ave(cM)      female(cM)        male(cM)

*   1 GATA42G01   Unknown             0.00             0.00             0.00
                              1.57             0.00             2.98
    2 GATA151F04A Unknown             1.57             0.00             2.98
                              0.00             0.00             0.00
    3 GATA151F04  Unknown             1.57             0.00             2.98
                              0.00             0.00             0.00
    4 AFMa284xc9  DXYS233             1.57             0.00             2.98
                              1.23             0.00             2.51
    5 GATA151F04B Unknown             2.80             0.00             5.49
                              1.23             0.00             2.52
    6 GGAT3F08    DXS9900             4.03             0.00             8.01
                              0.95             0.00             1.90
    7 AFM273xb9   DXS1071             4.98             0.00             9.91
                              7.90             2.20            12.86
    8 AFMb290xg5  DXYS228            12.88             2.20            22.77
                              0.45             1.47             0.00
    9 AFMa141xe5  DXS1233            13.33             3.67            22.77
                              0.17             0.72             0.00
   10 AFMa082zh1  DXYS229            13.50             4.39            22.77
                              0.00             0.00             0.00
   11 AFMa189ye9  DXS7107            13.50             4.39            22.77
                              0.00             0.00             0.00
   12 AFMa047zb5  DXS8095            13.50             4.39            22.77
                              0.00             0.00             0.00
   13 GATA192D07  Unknown            13.50             4.39            22.77
                              0.00             0.00             0.00
   14 AFM319te9   DXS7100            13.50             4.39            22.77
                              0.00             0.00             0.00
   15 AFM319yg5   DXYS230            13.50             4.39            22.77
                              0.00             0.00             0.00
   16 GATA164D10  Unknown            13.50             4.39            22.77
                              0.00             0.00             0.00
   17 GATA52B03   DXS6807            13.50             4.39            22.77
                              1.62             3.27             0.00
   18 AFM205tf2   DXS1060            15.12             7.66            22.77
                              0.54             1.10             0.00
   19 AFMa073zg9  DXS8105            15.66             8.76            22.77
                              0.00             0.00             0.00
   20 GATA6B08    Unknown            15.66             8.76            22.77
                              0.00             0.00             0.00
   21 AFM212xe5   DXS996             15.66             8.76            22.77
                              0.00             0.00             0.00
   22 AFMa137xg9  DXYS231            15.66             8.76            22.77
                              0.00             0.00             0.00
*  23 GATA124B04  DXS9895            15.66             8.76            22.77
                              1.09             2.17             0.00
   24 AFMa067yd1  DXS7103            16.75            10.93            22.77
                              0.00             0.00             0.00
   25 AFM309yc1   DXS1223            16.75            10.93            22.77
                              0.54             1.10             0.00
   26 AFMb285yg9  DXS8051            17.29            12.03            22.77
                              1.08             2.17             0.00
   27 AFMa184wf1  DXS7108            18.37            14.20            22.77
                              0.00             0.00             0.00
   28 AFM126zd2   DXS1043            18.37            14.20            22.77
                              0.95             1.95             0.00
   29 AFMa244ya9  DXS7109            19.32            16.15            22.77
                              0.95             1.97             0.00
   30 AFM350zf5   DXS7104            20.27            18.12            22.77
                              0.96             1.98             0.00
   31 AFM311vf5   DXS1224            21.23            20.10            22.77
                              0.95             1.94             0.00
   32 AFMa163tc1  DXS8022            22.18            22.04            22.77
                              0.00             0.00             0.00
   33 AFMa074ze9  DXS8108            22.18            22.04            22.77
                              0.00             0.00             0.00
   34 AFM120xa9   DXS987             22.18            22.04            22.77
                              0.00             0.00             0.00
   35 ATA84F02    Unknown            22.18            22.04            22.77
                              0.00             0.00             0.00
   36 GATA175D03  DXS9902            22.18            22.04            22.77
                              0.00             0.00             0.00
   37 AFM164zd4   DXS1053            22.18            22.04            22.77
                              0.54             1.08             0.00
   38 AFM207zd6   DXS1195            22.72            23.12            22.77
                              0.00             0.00             0.00
   39 AFMa282vd1  DXS8036            22.72            23.12            22.77
                              0.54             1.09             0.00
   40 AFM291wf5   DXS7163            23.26            24.21            22.77
                              0.00             0.00             0.00
   41 AFM234yf12  DXS999             23.26            24.21            22.77
                              0.00             0.00             0.00
   42 AFMa152xf1  DXS8019            23.26            24.21            22.77
                              0.00             0.00             0.00
   43 AFMa244zg1  DXS7592            23.26            24.21            22.77
                              2.71             5.48             0.00
   44 AFMa176zb1  DXS7101            25.97            29.69            22.77
                              0.00             0.00             0.00
   45 AFMa346zc1  DXS7593            25.97            29.69            22.77
                              0.00             0.00             0.00
   46 AFMa152wc5  DXS7105            25.97            29.69            22.77
                              1.62             3.29             0.00
   47 AFM316yf5   DXS1226            27.59            32.98            22.77
                              0.00             0.00             0.00
   48 AFM337wd5   DXS1229            27.59            32.98            22.77
                              0.00             0.00             0.00
   49 AFM163yh2   DXS1052            27.59            32.98            22.77
                              1.63             3.27             0.00
   50 AFMa082wd5  DXS7110            29.22            36.25            22.77
                              0.54             1.10             0.00
   51 AFM151xg11  DXS1048            29.76            37.35            22.77
                              0.00             0.00             0.00
   52 AFMa045yg9  DXS7102            29.76            37.35            22.77
                              0.00             0.00             0.00
   53 AFMb292yc5  DXS8056            29.76            37.35            22.77
                              0.00             0.00             0.00
   54 AFM224zf2   DXS1065            29.76            37.35            22.77
                              0.00             0.00             0.00
   55 ATA28C05    Unknown            29.76            37.35            22.77
                              0.00             0.00             0.00
   56 AFM135xe7   DXS989             29.76            37.35            22.77
                              0.00             0.00             0.00
   57 AFMa053yg1  DXS8099            29.76            37.35            22.77
                              0.00             0.00             0.00
   58 AFMb294wf9  DXS8058            29.76            37.35            22.77
                              0.00             0.00             0.00
   59 AFMb074zg1  DXS8047            29.76            37.35            22.77
                              0.00             0.00             0.00
   60 AFMa189xc5  DXS8027            29.76            37.35            22.77
                              0.00             0.00             0.00
   61 AFMa073zd5  DXS8104            29.76            37.35            22.77
                              0.54             1.08             0.00
   62 AFM205yd2   DXS1061            30.30            38.43            22.77
                              0.00             0.00             0.00
   63 AFMb320wg5  DXS8065            30.30            38.43            22.77
                              0.00             0.00             0.00
   64 AFM260ye5   DXS1202            30.30            38.43            22.77
                              0.54             1.09             0.00
   65 AFM333wf1   DXS7106            30.84            39.52            22.77
                              0.00             0.00             0.00
   66 AFM292wb9   DXS1218            30.84            39.52            22.77
                              0.00             0.00             0.00
   67 AFMa121xc9  DXS8010            30.84            39.52            22.77
                              0.00             0.00             0.00
   68 AFMa295za5  DXS8039            30.84            39.52            22.77
                              0.00             0.00             0.00
   69 AFMb277zb1  DXS8049            30.84            39.52            22.77
                              0.00             0.00             0.00
   70 GATA124E07  DXS9896            30.84            39.52            22.77
                              0.00             0.00             0.00
   71 184xg5      Unknown            30.84            39.52            22.77
                              0.00             0.00             0.00
   72 AFM112xf2   DXS985             30.84            39.52            22.77
                              2.70             5.46             0.00
   73 AFM217xa5   DXS997             33.54            44.98            22.77
                              0.00             0.00             0.00
   74 AFM072zh3   DXS1036            33.54            44.98            22.77
                              0.00             0.00             0.00
   75 AFM234vg7   DXS1067            33.54            44.98            22.77
                              0.00             0.00             0.00
   76 GATA186D06  Unknown            33.54            44.98            22.77
                              0.00             0.00             0.00
   77 AFM297yd1   DXS1219            33.54            44.98            22.77
                              0.00             0.00             0.00
   78 AFM283wg9   DXS1214            33.54            44.98            22.77
                              3.25             6.56             0.00
   79 AFM155ze1   DXS1049            36.79            51.54            22.77
                              0.00             0.00             0.00
   80 AFM338xa5   DXS8090            36.79            51.54            22.77
                              0.54             1.09             0.00
   81 AFMa183wf5  DXS8025            37.33            52.63            22.77
                              0.00             0.00             0.00
   82 AFM240wa9   DXS1069            37.33            52.63            22.77
                              0.00             0.00             0.00
   83 AFMa129zh1  DXS8014            37.33            52.63            22.77
                              0.00             0.00             0.00
   84 AFMa062xa9  DXS8102            37.33            52.63            22.77
                              0.00             0.00             0.00
   85 AFM238yc11  DXS1068            37.33            52.63            22.77
                              0.54             1.08             0.00
   86 AFMa130yb1  DXS8015            37.87            53.71            22.77
                              0.00             0.00             0.00
   87 ATA70F07    Unknown            37.87            53.71            22.77
                              0.00             0.00             0.00
   88 AFM200ye7   DXS1058            37.87            53.71            22.77
                              0.00             0.00             0.00
   89 AFMb007yc1  DXS8042            37.87            53.71            22.77
                              0.00             0.00             0.00
   90 AFMa151xe1  DXS8018            37.87            53.71            22.77
                              0.00             0.00             0.00
   91 AFMa140xc9  DXS8016            37.87            53.71            22.77
                              0.00             0.00             0.00
   92 AFMa100wd5  DXS8113            37.87            53.71            22.77
                              0.00             0.00             0.00
   93 AFM198vb12  DXS1056            37.87            53.71            22.77
                              4.34             8.79             0.00
   94 AFMa124xd9  DXS8012            42.21            62.50            22.77
                              0.00             0.00             0.00
   95 AFM203wf4   DXS993             42.21            62.50            22.77
                              0.54             1.09             0.00
   96 AFM269yc5   DXS1207            42.75            63.59            22.77
                              0.00             0.00             0.00
   97 GATA31B12   Unknown            42.75            63.59            22.77
                              0.00             0.00             0.00
   98 AFM289wf5   DXS8085            42.75            63.59            22.77
                              0.00             0.00             0.00
   99 GATA69C12   DXS6810            42.75            63.59            22.77
                              0.00             0.00             0.00
  100 AFM256ze5   DXS1201            42.75            63.59            22.77
                              1.08             2.20             0.00
  101 AFMa246ze9  DXS8035            43.83            65.79            22.77
                              1.02             2.07             0.00
  102 AFMc012zc1  DXS8080            44.85            67.86            22.77
                              1.02             2.06             0.00
  103 AFMb291yc9  DXS8054            45.87            69.92            22.77
                              0.67             1.37             0.00
  104 AFMc024xc5  DXS8083            46.54            71.29            22.77
                              0.00             0.00             0.00
  105 UT1469      DXS2501            46.54            71.29            22.77
                              0.00             0.00             0.00
  106 GATA144D04  Unknown            46.54            71.29            22.77
                              0.00             0.00             0.00
  107 GATA160B08  Unknown            46.54            71.29            22.77
                              0.00             0.00             0.00
  108 AFMa183xc5  DXS8026            46.54            71.29            22.77
                              0.54             1.09             0.00
  109 AFM276xf5   DXS1003            47.08            72.38            22.77
                              0.00             0.00             0.00
  110 AFM168ya3   DXS1055            47.08            72.38            22.77
                              3.25             6.56             0.00
  111 AFM119xd6   DXS1039            50.33            78.94            22.77
                              0.00             0.00             0.00
  112 AFM273zc1   DXS1208            50.33            78.94            22.77
                              1.45             2.91             0.00
  113 AFMa163wf9  DXS8024            51.78            81.85            22.77
                              0.00             0.00             0.00
  114 AFMa163td5  DXS8023            51.78            81.85            22.77
                              0.72             1.45             0.00
  115 AFM123xd4   DXS988             52.50            83.30            22.77
                              0.00             0.00             0.00
  116 GATA72E05   DXS7132            52.50            83.30            22.77
                              0.00             0.00             0.00
  117 GATA64D08   Unknown            52.50            83.30            22.77
                              0.00             0.00             0.00
  118 AFM248wf9   DXS1199            52.50            83.30            22.77
                              0.00             0.00             0.00
  119 AFM248te9   DXS1000            52.50            83.30            22.77
                              0.00             0.00             0.00
  120 AFM191vc5   DXS1190            52.50            83.30            22.77
                              0.00             0.00             0.00
  121 UT767       DXS6785            52.50            83.30            22.77
                              0.00             0.00             0.00
  122 AFM137xe11  DXS1044            52.50            83.30            22.77
                              0.00             0.00             0.00
  123 AFM106xa3   DXS1204            52.50            83.30            22.77
                              0.00             0.00             0.00
  124 AFM282za9   DXS1213            52.50            83.30            22.77
                              0.00             0.00             0.00
  125 AFM151xf6   DXS991             52.50            83.30            22.77
                              0.00             0.00             0.00
  126 AFM203wa5   DXS1194            52.50            83.30            22.77
                              0.00             0.00             0.00
  127 UT6128      DXS2507            52.50            83.30            22.77
                              0.00             0.00             0.00
  128 AFMa143xc1  DXS8017            52.50            83.30            22.77
                              0.00             0.00             0.00
  129 AFMa212xf9  DXS8029            52.50            83.30            22.77
                              0.00             0.00             0.00
  130 AFMb314xf1  DXS8062            52.50            83.30            22.77
                              0.00             0.00             0.00
  131 AFMa230vc1  DXS8032            52.50            83.30            22.77
                              1.08             2.19             0.00
  132 AFMa323xh1  DXS8040            53.58            85.49            22.77
                              0.00             0.00             0.00
  133 AFM287zg1   DXS1216            53.58            85.49            22.77
                              2.17             4.42             0.00
  134 AFM261zh5   DXS1275            55.75            89.91            22.77
                              0.00             0.00             0.00
  135 AFMa074zd9  DXS8107            55.75            89.91            22.77
                              0.00             0.00             0.00
  136 AFMa099wb9  DXS8111            55.75            89.91            22.77
                              0.00             0.00             0.00
  137 AFMb285ze1  DXS8052            55.75            89.91            22.77
                              0.00             0.00             0.00
  138 AFMa218yc9  DXS8030            55.75            89.91            22.77
                              0.00             0.00             0.00
  139 AFMa223wd1  DXS8031            55.75            89.91            22.77
                              0.54             1.09             0.00
  140 AFM205xe9   DXS8046            56.29            91.00            22.77
                              0.00             0.00             0.00
  141 AFM078za1   DXS983             56.29            91.00            22.77
                              1.08             2.17             0.00
  142 AFM311vg5   DXS1225            57.37            93.17            22.77
                              0.00             0.00             0.00
  143 AFMc020wb9  DXS8082            57.37            93.17            22.77
                              0.00             0.00             0.00
  144 AFMc006wg5  DXS8079            57.37            93.17            22.77
                              0.00             0.00             0.00
* 145 AFMb310yf9  DXS8060            57.37            93.17            22.77
                              0.00             0.00             0.00
  146 AFMa285xg5  DXS8037            57.37            93.17            22.77
                              0.00             0.00             0.00
  147 AFMa040ye1  DXS8092            57.37            93.17            22.77
                              0.00             0.00             0.00
  148 AFM303wd1   DXS1221            57.37            93.17            22.77
                              0.00             0.00             0.00
  149 ATA14A02    DXS6793            57.37            93.17            22.77
                              0.00             0.00             0.00
  150 AFMa060za9  DXS8101            57.37            93.17            22.77
                              0.00             0.00             0.00
  151 GATA69D06   Unknown            57.37            93.17            22.77
                              0.00             0.00             0.00
  152 GATA31D10   DXS6800            57.37            93.17            22.77
                              0.00             0.00             0.00
  153 AFM072za5   DXS1197            57.37            93.17            22.77
                              0.00             0.00             0.00
  154 AFMb337we9  DXS8070            57.37            93.17            22.77
                              0.00             0.00             0.00
  155 AFM116xg1   DXS986             57.37            93.17            22.77
                              0.54             1.09             0.00
  156 GATA45H11   DXS6803            57.91            94.26            22.77
                              0.00             0.00             0.00
  157 AFM273zd5   DXS1209            57.91            94.26            22.77
                              0.00             0.00             0.00
  158 AFM119xa5   DXS8109            57.91            94.26            22.77
                              0.00             0.00             0.00
  159 AFM156xh8   DXS1050            57.91            94.26            22.77
                              0.00             0.00             0.00
  160 AFMb357xe5  DXS8076            57.91            94.26            22.77
                              0.00             0.00             0.00
  161 AFM056yb8   DXS1196            57.91            94.26            22.77
                              0.00             0.00             0.00
  162 AFMa104xf5  DXS8114            57.91            94.26            22.77
                              0.00             0.00             0.00
  163 AFM308xb9   DXS1222            57.91            94.26            22.77
                              0.00             0.00             0.00
  164 AFM249vh5   DXS1002            57.91            94.26            22.77
                              0.00             0.00             0.00
  165 AFM234tf8   DXS1066            57.91            94.26            22.77
                              0.00             0.00             0.00
  166 AFM207zg5   DXS995             57.91            94.26            22.77
                              1.81             3.66             0.00
  167 GATA189B04  Unknown            59.72            97.92            22.77
                              0.00             0.00             0.00
  168 AFM288ye9   DXS1217            59.72            97.92            22.77
                              0.90             1.81             0.00
  169 GATA41B11   Unknown            60.62            99.73            22.77
                              0.00             0.00             0.00
  170 ATA83F07    Unknown            60.62            99.73            22.77
                              0.00             0.00             0.00
  171 AFM262vg1   DXS1203            60.62            99.73            22.77
                              0.00             0.00             0.00
  172 AFM136yc7   DXS990             60.62            99.73            22.77
                              1.26             2.55             0.00
  173 GATA69B12   DXS6809            61.88           102.28            22.77
                              0.64             1.28             0.00
  174 GATA31F01   DXS6789            62.52           103.56            22.77
                              0.00             0.00             0.00
  175 AFM270zd9   DXS8077            62.52           103.56            22.77
                              1.89             3.86             0.00
  176 GATA29G07   DXS6799            64.41           107.42            22.77
                              0.55             1.10             0.00
  177 AFM340ye1   DXS1231            64.96           108.52            22.77
                              0.54             1.10             0.00
  178 AFMa246ze5  DXS8034            65.50           109.62            22.77
                              0.00             0.00             0.00
  179 AFMa162tc1  DXS8020            65.50           109.62            22.77
                              0.54             1.10             0.00
  180 AFMa051tc5  DXS8096            66.04           110.72            22.77
                              0.00             0.00             0.00
  181 AFM191za11  DXS1191            66.04           110.72            22.77
                              0.00             0.00             0.00
  182 AFMa162yc9  DXS8021            66.04           110.72            22.77
                              0.00             0.00             0.00
  183 UT583       DXS2492            66.04           110.72            22.77
                              0.00             0.00             0.00
  184 AFM337tg9   DXS8089            66.04           110.72            22.77
                              0.54             1.08             0.00
  185 AFMb318wh5  DXS8063            66.58           111.80            22.77
                              0.00             0.00             0.00
  186 AFMb355zh9  DXS8075            66.58           111.80            22.77
                              0.00             0.00             0.00
  187 ATA31E12    Unknown            66.58           111.80            22.77
                              0.00             0.00             0.00
  188 AFMa099wh1  DXS8112            66.58           111.80            22.77
                              0.00             0.00             0.00
  189 AFM276wa5   DXS1072            66.58           111.80            22.77
                              0.00             0.00             0.00
  190 AFM263we1   DXS1106            66.58           111.80            22.77
                              0.00             0.00             0.00
  191 AFMb083yb5  DXS8048            66.58           111.80            22.77
                              0.00             0.00             0.00
  192 AFMa052xc1  DXS8097            66.58           111.80            22.77
                              0.54             1.09             0.00
  193 AFM274zb5   DXS1210            67.12           112.89            22.77
                              0.00             0.00             0.00
  194 AFM263wc1   DXS1105            67.12           112.89            22.77
                              0.00             0.00             0.00
  195 AFM337zb1   DXS1230            67.12           112.89            22.77
                              0.00             0.00             0.00
  196 GATA10C11   DXS6797            67.12           112.89            22.77
                              1.08             2.18             0.00
  197 AFM203yd8   DXS1059            68.20           115.07            22.77
                              0.54             1.10             0.00
  198 AFM328xb1   DXS8088            68.74           116.17            22.77
                              0.00             0.00             0.00
  199 AFMa055zf1  DXS8100            68.74           116.17            22.77
                              0.00             0.00             0.00
  200 GATA172D05  Unknown            68.74           116.17            22.77
                              0.00             0.00             0.00
  201 GATA46G10   DXS6804            68.74           116.17            22.77
                              2.17             4.36             0.00
  202 AFMb319ya5  DXS8064            70.91           120.53            22.77
                              0.00             0.00             0.00
  203 GATA48H04   Unknown            70.91           120.53            22.77
                              0.00             0.00             0.00
  204 AFMa086wg5  DXS8110            70.91           120.53            22.77
                              0.00             0.00             0.00
  205 AFMc013wd5  DXS8081            70.91           120.53            22.77
                              0.00             0.00             0.00
  206 AFMb291xa5  DXS8053            70.91           120.53            22.77
                              0.00             0.00             0.00
  207 AFM302xc9   DXS1220            70.91           120.53            22.77
                              0.00             0.00             0.00
  208 AFMb291ye5  DXS8055            70.91           120.53            22.77
                              4.88             9.91             0.00
  209 AFM280vf5   DXS1212            75.79           130.44            22.77
                              0.00             0.00             0.00
  210 AFM248we5   DXS1001            75.79           130.44            22.77
                              0.00             0.00             0.00
  211 AFMb331yc9  DXS8067            75.79           130.44            22.77
                              1.36             2.76             0.00
  212 GATA165B12  Unknown            77.15           133.20            22.77
                              1.35             2.76             0.00
  213 AFMb303xd1  DXS8059            78.50           135.96            22.77
                              0.00             0.00             0.00
  214 AFMa053yb9  DXS8098            78.50           135.96            22.77
                              0.00             0.00             0.00
  215 ATA59C05    Unknown            78.50           135.96            22.77
                              0.69             1.39             0.00
  216 AFM211za7   DXS8057            79.19           137.35            22.77
                              0.00             0.00             0.00
  217 GATA198A10  Unknown            79.19           137.35            22.77
                              1.83             3.74             0.00
  218 AFMa045yc5  DXS8093            81.02           141.09            22.77
                              1.05             2.15             0.00
  219 AFMb332zf5  DXS8068            82.07           143.24            22.77
                              0.00             0.00             0.00
  220 AFM203ze11  DXS8044            82.07           143.24            22.77
                              0.00             0.00             0.00
  221 AFMa119xf1  DXS8009            82.07           143.24            22.77
                              0.00             0.00             0.00
  222 AFM150xf10  DXS1047            82.07           143.24            22.77
                              0.77             1.54             0.00
  223 AFMb340zd9  DXS8071            82.84           144.78            22.77
                              0.00             0.00             0.00
  224 AFM207xb8   DXS1062            82.84           144.78            22.77
                              0.00             0.00             0.00
  225 AFM122xa1   DXS1041            82.84           144.78            22.77
                              0.00             0.00             0.00
  226 AFMb353yd1  DXS8072            82.84           144.78            22.77
                              0.00             0.00             0.00
  227 AFMa232xe5  DXS8033            82.84           144.78            22.77
                              0.00             0.00             0.00
  228 AFMa342zf5  DXS8041            82.84           144.78            22.77
                              0.00             0.00             0.00
  229 AFMa288xd5  DXS8038            82.84           144.78            22.77
                              0.00             0.00             0.00
  230 AFM269ya5   DXS1206            82.84           144.78            22.77
                              0.00             0.00             0.00
  231 AFM205wd2   DXS994             82.84           144.78            22.77
                              0.00             0.00             0.00
  232 AFM210vd10  DXS8050            82.84           144.78            22.77
                              0.00             0.00             0.00
  233 AFM273zc5   DXS8078            82.84           144.78            22.77
                              0.00             0.00             0.00
  234 AFMb355xc9  DXS8074            82.84           144.78            22.77
                              0.00             0.00             0.00
  235 AFMa046wb9  DXS8094            82.84           144.78            22.77
                              1.08             2.18             0.00
  236 AFM276vf9   DXS1211            83.92           146.96            22.77
                              0.00             0.00             0.00
  237 AFM196xa1   DXS1192            83.92           146.96            22.77
                              1.63             3.26             0.00
  238 AFM105xc5   DXS984             85.55           150.22            22.77
                              0.00             0.00             0.00
  239 UT763       DXS1187            85.55           150.22            22.77
                              0.00             0.00             0.00
  240 AFMa123yb5  DXS1232            85.55           150.22            22.77
                              0.00             0.00             0.00
  241 AFM144yd2   DXS8013            85.55           150.22            22.77
                              2.01             4.07             0.00
  242 GATA31E08   D3S2390            87.56           154.29            22.77
                              0.00             0.00             0.00
  243 AFM265va5   DXS1205            87.56           154.29            22.77
                              0.77             1.57             0.00
  244 AFM317ye9   DXS1227            88.33           155.86            22.77
                              3.31             6.76             0.00
  245 AFMa074tf9  DXS8106            91.64           162.62            22.77
                              1.21             2.49             0.00
  246 AFMc025yb9  DXS8084            92.85           165.11            22.77
                              0.00             0.00             0.00
* 247 GATA182E04  Unknown            92.85           165.11            22.77
                              1.37             2.76             0.00
  248 AFMb018wd9  DXS8043            94.22           167.87            22.77
                              0.00             0.00             0.00
  249 AFMb354wa9  DXS8073            94.22           167.87            22.77
                              0.91             1.85             0.00
  250 AFMa212xf5  DXS8028            95.13           169.72            22.77
                              1.01             2.72             0.00
  251 AFM345wg9   DXS8091            96.14           172.44            22.77
                              0.80             0.96             0.00
  252 AFM224zg11  DXS998             96.94           173.40            22.77
                              0.00             0.00             0.00
  253 AFMb041yf9  DXS8045            96.94           173.40            22.77
                              0.00             0.00             0.00
  254 AFM254wh1   DXS1200            96.94           173.40            22.77
                              0.95             1.92             0.00
  255 AFM199wc7   DXS1193            97.89           175.32            22.77
                              0.00             0.00             0.00
  256 AFM287ze5   DXS1215            97.89           175.32            22.77
                              0.00             0.00             0.00
  257 AFM310wb9   DXS8086            97.89           175.32            22.77
                              0.31             0.60             0.00
  258 AFMa121ze5  DXS8011            98.20           175.92            22.77
                              0.63             1.33             0.00
  259 AFMb334xh9  DXS8069            98.83           177.25            22.77
                              1.90             3.83             0.00
  260 AFMa065wd9  DXS8103           100.73           181.08            22.77
                              0.00             0.00             0.00
  261 AFMb311yg1  DXS8061           100.73           181.08            22.77
                              1.62             3.26             0.00
  262 AFM312zb9   DXS8087           102.35           184.34            22.77
                              0.00             0.00             0.00
  263 AFM276xh9   DXS1073           102.35           184.34            22.77
                              2.48             0.00             4.95
  264 SDF1        DXYS154           104.83           184.34            27.72
