      Marker      Dnumber      sex-ave(cM)      female(cM)        male(cM)

    1 AFM289yh9   D21S1911            0.00             0.00             0.00
                              2.13             3.70             0.00
    2 AFMb356wg1  D21S1904            2.13             3.70             0.00
                              0.00             0.00             2.21
    3 UT1313      D21S1410            2.13             3.70             2.21
                              0.00             0.00             0.00
    4 ACT2E10     D21S1431            2.13             3.70             2.21
                              0.86             1.56             0.00
    5 GATA11C12   D21S1432            2.99             5.26             2.21
                              0.00             0.00             0.00
    6 D21S120     D21S120             2.99             5.26             2.21
                              0.00             0.00             0.00
    7 ACT3D07     Unknown             2.99             5.26             2.21
                              1.68             2.97             0.00
    8 AFMa136ya5  D21S1886            4.67             8.23             2.21
                              5.05             8.96             0.00
    9 AFM284xe9   D21S1256            9.72            17.19             2.21
                              0.00             0.00             0.00
   10 GATA31C01   D21S1433            9.72            17.19             2.21
                              0.00             0.00             0.00
   11 AFMb321wf5  D21S1899            9.72            17.19             2.21
                              0.00             0.00             0.00
   12 UT556       Unknown             9.72            17.19             2.21
                              0.00             0.00             0.00
*  13 UT7927      D21S1414            9.72            17.19             2.21
                              1.58             3.17             0.00
   14 AFMb361ye9  D21S1905           11.30            20.36             2.21
                              1.75             3.70             0.00
   15 GGAA3C07    D21S1437           13.05            24.06             2.21
                              0.00             0.00             0.00
   16 AFM268xg1   D21S1902           13.05            24.06             2.21
                              0.00             0.00             0.00
   17 ATA19C05    D21S1438           13.05            24.06             2.21
                              0.00             0.00             0.00
   18 GGAA2E02    D21S1436           13.05            24.06             2.21
                              1.15             2.38             0.00
   19 AFMa116yg1  D21S1884           14.20            26.44             2.21
                              0.00             0.00             0.00
   20 UT656       D21S1240           14.20            26.44             2.21
                              0.00             0.00             0.00
   21 GATA163G03  Unknown            14.20            26.44             2.21
                              0.00             0.00             0.00
   22 ATA9H02     D21S1441           14.20            26.44             2.21
                              0.58             0.00             1.06
   23 AFMa104yb5  D21S1922           14.78            26.44             3.27
                              0.72             1.80             0.00
   24 GATA29C02   Unknown            15.50            28.24             3.27
                              0.72             0.00             1.07
   25 AFMa081wf1  D21S1918           16.22            28.24             4.34
                              0.72             0.65             0.58
   26 D21S214     D21S214            16.94            28.89             4.92
                              0.73             0.84             0.50
   27 UT1332      D21S1250           17.67            29.73             5.42
                              0.00             0.26             0.00
   28 UT1305      D21S1409           17.67            29.99             5.42
                              0.00             0.06             0.00
   29 AFM294we1   D21S1257           17.67            30.05             5.42
                              1.72             1.18             2.14
   30 AFM344wf5   D21S1914           19.39            31.23             7.56
                              0.00             0.00             0.00
   31 AFM206xg5   D21S272            19.39            31.23             7.56
                              1.06             2.14             0.00
   32 AFM270xc1   D21S1253           20.45            33.37             7.56
                              0.00             0.00             0.00
   33 AFM234wa5   D21S265            20.45            33.37             7.56
                              0.00             0.00             0.00
   34 AFM205wg9   D21S1892           20.45            33.37             7.56
                              0.00             0.00             0.00
   35 D21S210     D21S210            20.45            33.37             7.56
                              0.00             0.00             0.00
   36 UT1025      D21S1249           20.45            33.37             7.56
                              0.00             0.00             0.00
   37 UT761       D21S1244           20.45            33.37             7.56
                              0.00             0.00             0.00
   38 AFM277zd5   D21S1907           20.45            33.37             7.56
                              1.43             3.20             0.00
   39 AFMb291yb9  D21S1896           21.88            36.57             7.56
                              0.71             0.00             0.27
   40 AFM263xf5   D21S269            22.59            36.57             7.83
                              0.00             0.00             0.80
*  41 GATA116E08  Unknown            22.59            36.57             8.63
                              0.00             0.00             0.00
   42 UT1333      D21S1251           22.59            36.57             8.63
                              0.00             0.00             0.00
   43 AFM147xb12  D21S260            22.59            36.57             8.63
                              2.14             4.27             0.00
*  44 GATA24H09   D21S1442           24.73            40.84             8.63
                              0.00             0.00             0.00
   45 AFM295yg5   D21S1258           24.73            40.84             8.63
                              0.53             1.07             0.00
   46 AFMa052tc5  D21S1916           25.26            41.91             8.63
                              0.54             1.07             0.00
   47 GATA129F09  Unknown            25.80            42.98             8.63
                              0.00             0.00             0.00
   48 AFM317tc9   D21S1913           25.80            42.98             8.63
                              0.00             0.00             0.09
   49 AFMa043ze5  D21S1915           25.80            42.98             8.72
                              0.80             0.35             0.97
   50 Mfd338      D21S1265           26.60            43.33             9.69
                              0.80             0.72             1.07
   51 GATA148F04  Unknown            27.40            44.05            10.76
                              0.00             0.00             0.00
   52 AFMc016yg9  D21S1908           27.40            44.05            10.76
                              0.00             0.00             0.00
   53 GATA8G04    D21S1270           27.40            44.05            10.76
                              0.00             0.00             0.27
   54 AFM211zg9   D21S263            27.40            44.05            11.03
                              0.00             0.00             0.16
   55 AFMb341wd9  D21S1901           27.40            44.05            11.19
                              1.08             0.30             0.65
   56 UT706       D21S1280           28.48            44.35            11.84
                              0.00             0.32             0.00
   57 UT489       D21S1239           28.48            44.67            11.84
                              0.00             0.32             0.00
   58 ATA42C09    Unknown            28.48            44.99            11.84
                              0.00             0.13             0.00
   59 UT762       D21S1245           28.48            45.12            11.84
                              0.00             0.01             0.00
   60 AFM288yg5   D21S1909           28.48            45.13            11.84
                              0.57             0.00             0.88
   61 AFM193xf10  D21S261            29.05            45.13            12.72
                              0.35             0.00             0.75
   62 AFM198tc5   D21S262            29.40            45.13            13.47
                              0.38             0.00             1.62
   63 UT7582      D21S1413           29.78            45.13            15.09
                              1.48             2.16             0.00
   64 AFM289xh1   D21S1910           31.26            47.29            15.09
                              0.00             0.00             0.00
   65 AFM276za5   D21S1254           31.26            47.29            15.09
                              0.00             0.00             0.00
   66 AFMa218wb1  D21S1888           31.26            47.29            15.09
                              0.00             0.00             0.00
   67 AFMb308xe5  D21S1898           31.26            47.29            15.09
                              0.00             0.00             0.00
   68 IFNAR       Unknown            31.26            47.29            15.09
                              0.00             0.00             0.00
   69 GATA45C03   Unknown            31.26            47.29            15.09
                              0.73             0.00             1.21
   70 AFMa086yf9  D21S1920           31.99            47.29            16.30
                              1.85             1.37             2.42
   71 AFMb280xd9  D21S1895           33.84            48.66            18.72
                              0.00             0.00             0.00
   72 AFMa099wc9  D21S1921           33.84            48.66            18.72
                              1.61             3.57             0.00
   73 AFM261zg1   D21S1252           35.45            52.23            18.72
                              0.00             0.00             0.00
   74 AFMb277xc9  D21S1894           35.45            52.23            18.72
                              1.32             2.61             0.00
*  75 ATA27F01    D21S1440           36.77            54.84            18.72
                              0.00             0.00             0.00
   76 Mfd163      D21S211            36.77            54.84            18.72
                              1.31             0.00             2.43
   77 AFM031xc5   D21S270            38.08            54.84            21.15
                              0.57             0.00             1.21
   78 GATA29D01   Unknown            38.65            54.84            22.36
                              0.00             0.00             0.00
   79 D21S167     D21S167            38.65            54.84            22.36
                              0.00             0.00             0.00
   80 UT5040      D21S1408           38.65            54.84            22.36
                              0.00             0.00             0.00
   81 AFMa085za5  D21S1919           38.65            54.84            22.36
                              0.00             0.00             0.00
   82 AFM238wc3   D21S267            38.65            54.84            22.36
                              0.00             0.00             0.00
   83 AFMb335ze5  D21S1900           38.65            54.84            22.36
                              0.00             0.00             0.00
   84 AFM016xe5   D21S259            38.65            54.84            22.36
                              0.00             0.00             0.00
   85 UT409       D21S1238           38.65            54.84            22.36
                              0.00             0.00             0.00
   86 AFMa114yb9  D21S1883           38.65            54.84            22.36
                              0.00             0.00             0.00
   87 AFMa066yb1  D21S1917           38.65            54.84            22.36
                              0.57             0.00             1.22
   88 AFM283xh9   D21S1255           39.22            54.84            23.58
                              0.00             0.00             0.00
   89 AFMb024yh5  D21S1891           39.22            54.84            23.58
                              1.21             0.27             1.26
   90 UT973       D21S1246           40.43            55.11            24.84
                              0.02             0.35             0.00
   91 D21S168     D21S168            40.45            55.46            24.84
                              0.02             0.35             0.00
   92 UT6930      D21S1412           40.47            55.81            24.84
                              0.02             0.39             0.00
   93 GATA188F04  D21S2055           40.49            56.20            24.84
                              0.00             0.00             0.00
   94 AFM260ze9   D21S268            40.49            56.20            24.84
                              3.18             2.04             4.20
   95 AFM206zc7   D21S1893           43.67            58.24            29.04
                              1.59             2.03             1.42
   96 AFMa230yd1  D21S1889           45.26            60.27            30.46
                              0.29             0.52             0.00
   97 D21S231     D21S231            45.55            60.79            30.46
                              0.32             0.56             0.00
   98 AFMc013wd1  D21S1906           45.87            61.35            30.46
                              0.00             0.00             0.00
   99 AFMa137yf5  D21S1887           45.87            61.35            30.46
                              0.00             0.39             0.00
  100 AFM234xg9   D21S266            45.87            61.74            30.46
                              0.84             0.70             0.00
  101 AFMa152wd1  D21S1260           46.71            62.44            30.46
                              4.78             2.15             8.15
  102 D21S112     D21S112            51.49            64.59            38.61
                              0.00             0.00             0.00
  103 UT1355      D21S1411           51.49            64.59            38.61
                              1.01             0.00             2.13
  104 AFM326tf1   D21S1259           52.50            64.59            40.74
                              0.00             0.00             0.00
  105 AFMa133xc9  D21S1885           52.50            64.59            40.74
                              0.00             0.00             0.00
  106 AFMb008ze5  D21S1890           52.50            64.59            40.74
                              0.55             0.00             1.13
  107 AFM071xa1   D21S1912           53.05            64.59            41.87
                              0.59             0.00             1.28
  108 AFMb347zc1  D21S1903           53.64            64.59            43.15
                              0.58             0.00             1.28
  109 AFMb298xd5  D21S1897           54.22            64.59            44.43
                              3.55             0.04             6.41
  110 GATA70B08   D21S1446           57.77            64.63            50.84
                              0.00             0.00             0.00
  111 21QTEL14    D21S2058           57.77            64.63            50.84
