      Marker      Dnumber      sex-ave(cM)      female(cM)        male(cM)

    1 3PTEL01     D3S4557             0.00             0.00             0.00
                              1.32             2.13             0.00
    2 3PTEL25     D3S4559             1.32             2.13             0.00
                              4.22             0.00             8.33
    3 UT1360      D3S1539             5.54             2.13             8.33
                              0.00             0.00             0.00
    4 GATA22G12   D3S2387             5.54             2.13             8.33
                              1.42             0.00             2.94
    5 AFM122xb6   D3S1270             6.96             2.13            11.27
                              0.16             0.00             0.43
    6 AFM238wb12  D3S1307             7.12             2.13            11.70
                              0.26             0.00             0.44
    7 GATA22F08   D3S2426             7.38             2.13            12.14
                              0.93             0.00             1.92
    8 AFM217xd2   D3S1297             8.31             2.13            14.06
                              0.55             0.00             1.14
    9 AFMa064wh9  D3S3525             8.86             2.13            15.20
                              1.84             1.34             2.27
   10 AFMb296zf5  D3S3630            10.70             3.47            17.47
                              3.76             4.02             4.06
   11 GATA88H04   D3S3050            14.46             7.49            21.53
                              0.00             0.00             0.00
   12 AFM351wc1   D3S1620            14.46             7.49            21.53
                              3.92             0.00             8.37
   13 UT440       D3S1515            18.38             7.49            29.90
                              0.59             0.00             0.00
   14 AFM217xd6   D3S1560            18.97             7.49            29.90
                              0.00             0.00             2.67
   15 AFMa047zd5  D3S3706            18.97             7.49            32.57
                              3.36             4.86             0.00
   16 AFM234tf4   D3S1304            22.33            12.35            32.57
                              1.96             2.43             0.97
   17 AFMa090zd5  D3S3728            24.29            14.78            33.54
                              0.60             0.00             1.31
   18 AFMa303yb1  D3S3591            24.89            14.78            34.85
                              1.36             2.98             0.00
   19 GATA164B08  D3S4545            26.25            17.76            34.85
                              1.47             1.95             1.13
   20 UT1201      D3S1537            27.72            19.71            35.98
                              1.47             1.94             1.15
   21 AFMc023xb5  D3S3691            29.19            21.65            37.13
                              0.73             0.00             1.13
   22 AFM295yc9   D3S1597            29.92            21.65            38.26
                              1.21             0.00             2.27
   23 AFMa350xf5  D3S3601            31.13            21.65            40.53
                              0.00             0.00             0.00
   24 AFMb040xe5  D3S3611            31.13            21.65            40.53
                              1.23             2.86             0.00
   25 AFMa283yc5  D3S3589            32.36            24.51            40.53
                              0.00             0.00             0.00
   26 AFMa337xg5  D3S3594            32.36            24.51            40.53
                              3.74             5.86             1.12
   27 AFM079yg5   D3S1263            36.10            30.37            41.65
                              0.00             0.00             0.00
   28 AFM281wh1   D3S3693            36.10            30.37            41.65
                              0.00             0.00             0.00
   29 AFMb363xd5  D3S3680            36.10            30.37            41.65
                              0.55             1.07             0.00
   30 AFM087xf3   D3S3701            36.65            31.44            41.65
                              0.00             0.00             0.00
   31 AFM036yb8   D3S1259            36.65            31.44            41.65
                              0.00             0.00             0.00
   32 AFMa064vb5  D3S3714            36.65            31.44            41.65
                              0.55             1.07             0.00
   33 AFMb035xf1  D3S3610            37.20            32.51            41.65
                              0.00             0.00             0.00
   34 AFMa353xa9  D3S3602            37.20            32.51            41.65
                              0.00             0.00             0.00
   35 GGAA4B09    D3S2403            37.20            32.51            41.65
                              1.08             2.15             0.00
   36 AFMb029yf5  D3S3608            38.28            34.66            41.65
                              0.00             0.00             0.00
   37 ATA9B09     Unknown            38.28            34.66            41.65
                              0.26             0.46             0.00
   38 GAAT3E04    D3S2385            38.54            35.12            41.65
                              0.29             0.63             0.00
*  39 AFM283vb5   D3S1585            38.83            35.75            41.65
                              0.69             1.36             0.00
   40 AFM205va9   D3S1554            39.52            37.11            41.65
                              2.04             4.07             0.00
   41 AFMb046zb5  D3S3613            41.56            41.18            41.65
                              0.00             0.00             0.00
   42 AFM197xg11  D3S1286            41.56            41.18            41.65
                              0.00             0.00             0.00
   43 UT442       D3S1516            41.56            41.18            41.65
                              0.54             1.07             0.00
   44 AFMa037zf5  D3S2338            42.10            42.25            41.65
                              0.00             0.00             0.00
   45 GATA178C11  Unknown            42.10            42.25            41.65
                              0.00             0.00             0.00
   46 AFM198yb12  D3S3595            42.10            42.25            41.65
                              0.00             0.00             0.00
   47 GATA123C09  Unknown            42.10            42.25            41.65
                              0.00             0.00             0.00
   48 AFM205wh6   D3S3510            42.10            42.25            41.65
                              0.00             0.00             0.00
   49 GATA25G06   Unknown            42.10            42.25            41.65
                              0.00             0.00             0.00
   50 AFMa176ye9  D3S3473            42.10            42.25            41.65
                              0.00             0.00             0.00
*  51 GATA140H01  Unknown            42.10            42.25            41.65
                              0.54             1.08             0.00
   52 AFMa083ye5  D3S3726            42.64            43.33            41.65
                              2.17             3.22             1.10
   53 GATA73D01   D3S3038            44.81            46.55            42.75
                              0.00             0.00             0.00
   54 AFM200za1   D3S1293            44.81            46.55            42.75
                              1.32             2.18             0.43
   55 AFM301ze9   D3S1599            46.13            48.73            43.18
                              1.31             2.18             0.54
   56 AFMb331ye9  D3S3659            47.44            50.91            43.72
                              0.65             1.09             0.14
   57 AFM328yc9   D3S3700            48.09            52.00            43.86
                              1.09             2.15             0.00
   58 UT7684      D3S2327            49.18            54.15            43.86
                              0.00             0.00             0.00
   59 AFM276vc9   D3S1583            49.18            54.15            43.86
                              0.00             0.00             0.00
   60 Mfd342      D3S2301            49.18            54.15            43.86
                              0.00             0.00             0.00
   61 UT6375      D3S2317            49.18            54.15            43.86
                              0.00             0.00             0.00
   62 UT6471      D3S2307            49.18            54.15            43.86
                              0.00             0.00             0.00
   63 AFMa346xa9  D3S3598            49.18            54.15            43.86
                              0.00             0.00             0.00
   64 AFM234ya11  D3S1567            49.18            54.15            43.86
                              0.00             0.00             0.00
   65 AFM336zb5   D3S2336            49.18            54.15            43.86
                              1.07             1.07             1.06
   66 GGAA22H08   D3S2466            50.25            55.22            44.92
                              0.00             0.00             0.00
   67 AFM015xd7   D3S2337            50.25            55.22            44.92
                              0.69             1.40             0.00
   68 AFM312yf5   D3S2335            50.94            56.62            44.92
                              1.66             3.34             0.00
   69 AFM095xc1   D3S1266            52.60            59.96            44.92
                              0.00             0.00             0.00
   70 AFM183yc3   D3S1283            52.60            59.96            44.92
                              2.51             5.20             0.00
   71 AFMa108yc1  D3S3547            55.11            65.16            44.92
                              0.00             0.00             0.00
   72 AFM320wc9   D3S1609            55.11            65.16            44.92
                              0.00             0.00             0.00
   73 GATA8A07    Unknown            55.11            65.16            44.92
                              0.96             1.95             0.00
   74 AFMa090zb1  D3S3727            56.07            67.11            44.92
                              0.62             0.00             1.07
   75 AFMa176wc1  D3S3567            56.69            67.11            45.99
                              1.23             1.08             1.61
*  76 GATA27C08   D3S2432            57.92            68.19            47.60
                              0.00             0.00             0.00
   77 D3S1211     D3S1211            57.92            68.19            47.60
                              3.06             2.42             1.60
   78 GATA112E02  Unknown            60.98            70.61            49.20
                              0.00             1.96             0.00
   79 AFM331wh9   D3S3518            60.98            72.57            49.20
                              0.00             0.00             0.00
   80 AFM350tf1   D3S1619            60.98            72.57            49.20
                              0.54             0.00             1.07
   81 AFM338xe5   D3S1611            61.52            72.57            50.27
                              0.00             0.00             0.00
   82 AFMb286yb1  D3S3623            61.52            72.57            50.27
                              0.00             0.00             0.00
   83 AFM207wb4   D3S3512            61.52            72.57            50.27
                              0.00             0.00             0.00
*  84 ATA22D03    D3S2417            61.52            72.57            50.27
                              0.00             0.00             0.00
   85 AFM220xg3   D3S1561            61.52            72.57            50.27
                              0.00             0.00             0.00
   86 AFM339xh1   D3S1612            61.52            72.57            50.27
                              0.00             0.00             0.00
   87 AFMa070yg5  D3S3718            61.52            72.57            50.27
                              0.00             0.00             0.00
   88 AFM164we1   D3S1277            61.52            72.57            50.27
                              0.00             0.00             0.00
   89 GATA8B05    D3S1768            61.52            72.57            50.27
                              0.53             1.07             0.00
   90 AFM220yb8   D3S1298            62.05            73.64            50.27
                              0.00             0.00             0.00
   91 ATA15H02    D3S2411            62.05            73.64            50.27
                              1.07             2.13             0.00
   92 AFMa190yf5  D3S3572            63.12            75.77            50.27
                              0.00             0.00             0.00
   93 AFMb314yh1  D3S3639            63.12            75.77            50.27
                              0.00             0.00             0.00
   94 AFMb020yd9  D3S3605            63.12            75.77            50.27
                              0.00             0.00             0.00
*  95 AFMa073yf5  D3S3527            63.12            75.77            50.27
                              0.00             0.00             0.00
   96 AFM038xc1   D3S1260            63.12            75.77            50.27
                              0.00             0.00             0.00
   97 AFMa312ze9  D3S3593            63.12            75.77            50.27
                              0.00             0.00             0.00
   98 AFM345yg5   D3S3521            63.12            75.77            50.27
                              2.14             0.00             3.20
   99 AFM349ta5   D3S3522            65.26            75.77            53.47
                              0.00             2.17             0.00
  100 AFMb330ze5  D3S3658            65.26            77.94            53.47
                              2.68             2.17             2.14
  101 AFMa162wd9  D3S3564            67.94            80.11            55.61
                              0.00             0.00             0.00
  102 AFMc006yh1  D3S3685            67.94            80.11            55.61
                              0.00             0.00             0.00
  103 UT6506      D3S2319            67.94            80.11            55.61
                              0.00             0.00             0.00
  104 AFMc016yd9  D3S3687            67.94            80.11            55.61
                              0.00             0.00             0.00
  105 UT5662      D3S2304            67.94            80.11            55.61
                              0.00             0.00             0.00
  106 ACT2E06     D3S2407            67.94            80.11            55.61
                              0.00             0.00             0.00
  107 AFMa139wf9  D3S3559            67.94            80.11            55.61
                              0.53             1.06             0.00
  108 AFMb291zc9  D3S3624            68.47            81.17            55.61
                              0.00             0.00             0.00
  109 AFMa154wb9  D3S3563            68.47            81.17            55.61
                              0.00             0.00             0.00
  110 AFMb362yc1  D3S3678            68.47            81.17            55.61
                              0.00             0.00             0.00
  111 AFMa344zg5  D3S3597            68.47            81.17            55.61
                              0.00             0.37             0.00
  112 AFMb320vc1  D3S3647            68.47            81.54            55.61
                              0.72             0.70             0.00
  113 AFMa231xe9  D3S3582            69.19            82.24            55.61
                              0.71             1.07             0.00
  114 GATA7A01    D3S1767            69.90            83.31            55.61
                              0.71             0.00             2.12
  115 AFM273ve9   D3S1581            70.61            83.31            57.73
                              0.00             0.00             0.00
  116 AFMb315ze9  D3S3640            70.61            83.31            57.73
                              0.00             0.00             0.00
  117 AFMb049zf9  D3S3615            70.61            83.31            57.73
                              0.00             0.00             0.00
  118 AFM268wg9   D3S1578            70.61            83.31            57.73
                              0.00             0.00             0.00
  119 AFMa142yf5  D3S3561            70.61            83.31            57.73
                              0.00             0.00             0.00
  120 AFMa141zc5  D3S3560            70.61            83.31            57.73
                              0.00             0.00             0.00
  121 AFM287yd9   D3S1588            70.61            83.31            57.73
                              0.00             0.00             0.00
  122 AFM238yc5   D3S1568            70.61            83.31            57.73
                              0.00             0.00             0.00
  123 AFMa133wh1  D3S1621            70.61            83.31            57.73
                              0.00             0.00             0.00
  124 UT6992      D3S2321            70.61            83.31            57.73
                              0.00             0.00             0.00
  125 AFMb008yh5  D3S3604            70.61            83.31            57.73
                              0.00             0.00             0.00
  126 ATA25A07    D3S2420            70.61            83.31            57.73
                              0.00             0.00             0.00
  127 AFMb296zc5  D3S3629            70.61            83.31            57.73
                              0.00             0.00             0.00
  128 AFMb348za9  D3S3667            70.61            83.31            57.73
                              0.00             0.00             0.00
  129 GATA63E04   D3S2456            70.61            83.31            57.73
                              0.00             0.00             0.00
  130 AFMa100ze1  D3S3729            70.61            83.31            57.73
                              0.00             0.00             0.00
  131 AFMc017wg9  D3S3688            70.61            83.31            57.73
                              0.00             0.00             0.00
  132 AFM238xb10  D3S3648            70.61            83.31            57.73
                              0.00             0.00             0.00
  133 AFM126xg7   D3S1573            70.61            83.31            57.73
                              0.00             0.00             0.00
* 134 ATA10H11    D3S2409            70.61            83.31            57.73
                              0.00             0.00             0.00
  135 Mfd93       D3S1235            70.61            83.31            57.73
                              0.00             0.00             0.00
  136 GAAT11D03   D3S3026            70.61            83.31            57.73
                              0.80             0.00             2.14
  137 AFM198yf2   D3S1289            71.41            83.31            59.87
                              0.80             1.07             0.00
  138 AFMb347zg9  D3S3666            72.21            84.38            59.87
                              0.00             0.00             0.00
  139 AFMb352xe1  D3S3672            72.21            84.38            59.87
                              0.00             0.00             0.00
  140 AFM274yd5   D3S1582            72.21            84.38            59.87
                              0.00             0.00             0.00
  141 AFMb338zg9  D3S3660            72.21            84.38            59.87
                              0.00             0.00             0.00
  142 AFM340xf1   D3S1613            72.21            84.38            59.87
                              0.00             0.00             0.00
  143 AFMa071yd1  D3S3719            72.21            84.38            59.87
                              2.14             0.49             3.20
  144 AFMa066wd5  D3S3717            74.35            84.87            63.07
                              0.00             0.57             0.00
  145 ATA10D01    D3S2408            74.35            85.44            63.07
                              0.00             0.00             0.00
  146 AFM318wc5   D3S1606            74.35            85.44            63.07
                              0.53             1.07             0.00
  147 AFMa275zh1  D3S3588            74.88            86.51            63.07
                              0.53             0.00             1.06
  148 AFMa082wh1  D3S3724            75.41            86.51            64.13
                              0.00             0.00             0.00
  149 AFMa072yb9  D3S3721            75.41            86.51            64.13
                              0.00             0.00             0.00
  150 AFMb283ya5  D3S3621            75.41            86.51            64.13
                              0.00             0.00             0.00
  151 GATA87B02   D3S3048            75.41            86.51            64.13
                              1.07             1.06             1.07
  152 AFMb059wf1  D3S3616            76.48            87.57            65.20
                              0.53             0.00             1.07
  153 AFM191va5   D3S3532            77.01            87.57            66.27
                              0.00             0.00             0.00
  154 GGAA13D09   D3S2402            77.01            87.57            66.27
                              0.00             0.00             0.00
  155 UT1458      D3S1540            77.01            87.57            66.27
                              0.00             0.00             0.00
  156 Mfd99       D3S1236            77.01            87.57            66.27
                              0.00             0.00             0.00
  157 AFM210yc5   D3S1295            77.01            87.57            66.27
                              0.00             0.00             0.00
  158 AFM292xh1   D3S1592            77.01            87.57            66.27
                              0.00             0.00             0.00
  159 AFMa119xc1  D3S3553            77.01            87.57            66.27
                              0.00             0.00             0.04
  160 UT439       D3S1514            77.01            87.57            66.31
                              1.63             1.14             1.07
  161 AFMa072zh5  D3S3722            78.64            88.71            67.38
                              0.00             1.00             0.00
* 162 GATA6F06    D3S1766            78.64            89.71            67.38
                              0.00             0.00             0.00
  163 AFM162xc9   D3S1547            78.64            89.71            67.38
                              0.00             0.00             0.00
  164 Mfd76       D3S1234            78.64            89.71            67.38
                              0.00             0.00             0.00
  165 AFMa210za9  D3S3577            78.64            89.71            67.38
                              0.00             0.00             0.00
  166 AFM259zg5   D3S1313            78.64            89.71            67.38
                              0.00             0.00             0.00
  167 GATA50D01   D3S2452            78.64            89.71            67.38
                              1.68             2.26             1.12
  168 AFM220yh4   D3S1300            80.32            91.97            68.50
                              1.92             2.71             0.60
  169 AFM211zg11  D3S3631            82.24            94.68            69.10
                              0.00             0.00             0.53
  170 Mfd173      D3S1239            82.24            94.68            69.63
                              0.00             0.00             0.00
  171 AFM256ya9   D3S1312            82.24            94.68            69.63
                              1.87             0.00             1.68
  172 AFMa163yf1  D3S3566            84.11            94.68            71.31
                              0.81             4.08             0.00
  173 AFM316vf9   D3S3698            84.92            98.76            71.31
                              1.05             0.00             1.70
  174 AFM308xc9   D3S1600            85.97            98.76            73.01
                              2.63             2.26             3.37
  175 AFM198te7   D3S1287            88.60           101.02            76.38
                              1.31             2.26             0.00
  176 GATA148E04  D3S4542            89.91           103.28            76.38
                              0.00             0.13             0.00
  177 AFMa190yc5  D3S3571            89.91           103.41            76.38
                              0.00             0.11             0.00
  178 AFMb306yg5  D3S3635            89.91           103.52            76.38
                              1.27             0.89             0.00
  179 AFMb318yf1  D3S3644            91.18           104.41            76.38
                              0.00             0.00             1.87
  180 AFM191yg5   D3S1285            91.18           104.41            78.25
                              0.00             0.00             0.00
  181 UT7805      D3S2329            91.18           104.41            78.25
                              3.81             3.42             3.77
  182 AFM303td9   D3S3697            94.99           107.83            82.02
                              1.13             1.14             1.12
  183 AFMa059xb5  D3S3524            96.12           108.97            83.14
                              0.00             0.00             0.00
* 184 AFM135ye1   D3S3545            96.12           108.97            83.14
                              0.54             0.00             1.12
  185 AFMa104yg5  D3S3544            96.66           108.97            84.26
                              1.09             2.14             0.00
  186 AFM220ze1   D3S1562            97.75           111.11            84.26
                              0.00             0.00             0.00
  187 AFM211we3   D3S1296            97.75           111.11            84.26
                              0.00             0.00             0.00
  188 AFM234tb8   D3S1566            97.75           111.11            84.26
                              0.00             0.00             0.00
  189 AFM057xc5   D3S1261            97.75           111.11            84.26
                              0.00             0.00             0.25
  190 GATA52H09   D3S2454            97.75           111.11            84.51
                              0.00             0.00             0.51
* 191 ATA92F01    Unknown            97.75           111.11            85.02
                              1.63             2.14             0.36
  192 AFMa116xa9  D3S3551            99.38           113.25            85.38
                              0.00             0.00             0.00
  193 AFMa176yg9  D3S3568            99.38           113.25            85.38
                              0.00             0.00             0.00
  194 AFM320yb5   D3S3516            99.38           113.25            85.38
                              2.17             4.27             0.00
  195 AFMb047xc1  D3S3614           101.55           117.52            85.38
                              0.00             0.00             0.00
  196 AFM296vd5   D3S1598           101.55           117.52            85.38
                              1.09             1.07             1.12
  197 AFM184yb2   D3S1284           102.64           118.59            86.50
                              0.00             0.00             0.00
  198 GGAT2G03    D3S2406           102.64           118.59            86.50
                              1.08             2.16             0.00
  199 GATA7F05    D3S3039           103.72           120.75            86.50
                              1.11             2.18             0.00
  200 AFMa224xf9  D3S3581           104.83           122.93            86.50
                              2.36             5.38             0.00
  201 AFMb326xb5  D3S3653           107.19           128.31            86.50
                              1.29             0.00             1.68
  202 AFMb303yh5  D3S3633           108.48           128.31            88.18
                              0.74             0.00             1.68
  203 AFMc003zg5  D3S3681           109.22           128.31            89.86
                              0.00             0.00             0.00
  204 UT7503      D3S2323           109.22           128.31            89.86
                              0.00             0.00             0.00
  205 AFM316vc1   D3S1604           109.22           128.31            89.86
                              0.00             0.00             0.00
  206 GATA146D07  Unknown           109.22           128.31            89.86
                              0.00             0.00             0.00
  207 GATA88E12   D3S3049           109.22           128.31            89.86
                              0.00             0.00             0.00
  208 AFM191vd8   D3S3508           109.22           128.31            89.86
                              0.00             0.00             0.00
  209 AFM001za2   D3S3507           109.22           128.31            89.86
                              0.00             0.00             0.00
  210 AFM267zf9   D3S1577           109.22           128.31            89.86
                              0.00             0.00             0.00
  211 AFM154xa7   D3S1274           109.22           128.31            89.86
                              0.00             0.00             0.00
  212 GATA113G02  Unknown           109.22           128.31            89.86
                              0.00             0.00             0.00
  213 UT1880      D3S1542           109.22           128.31            89.86
                              1.60             0.28             2.13
  214 GATA24E11   D3S2388           110.82           128.59            91.99
                              0.00             0.26             0.00
* 215 GATA45C04   D3S2446           110.82           128.85            91.99
                              0.00             0.53             0.00
* 216 GATA141A03  Unknown           110.82           129.38            91.99
                              0.00             0.00             0.00
  217 Mfd233A     D3S1254           110.82           129.38            91.99
                              0.00             0.00             0.00
  218 GATA121E06  Unknown           110.82           129.38            91.99
                              0.00             0.00             0.00
* 219 UT1286      D3S1538           110.82           129.38            91.99
                              1.07             2.13             0.00
  220 AFM161xg11  D3S1276           111.89           131.51            91.99
                              0.00             0.00             0.00
  221 GGAA16E09   D3S2465           111.89           131.51            91.99
                              0.00             0.00             0.00
  222 UT674       D3S1663           111.89           131.51            91.99
                              0.53             0.00             1.07
  223 AFM294zf9   D3S1595           112.42           131.51            93.06
                              0.00             0.00             0.00
  224 UT2085      D3S1544           112.42           131.51            93.06
                              0.00             0.00             0.00
* 225 GATA128C02  D3S4529           112.42           131.51            93.06
                              0.00             0.00             0.00
  226 GATA196G09  Unknown           112.42           131.51            93.06
                              0.00             0.00             0.00
  227 AFMb362yg9  D3S3679           112.42           131.51            93.06
                              0.00             0.00             0.00
  228 UT6051      D3S2315           112.42           131.51            93.06
                              0.54             1.07             0.00
  229 AFMb350ze1  D3S3671           112.96           132.58            93.06
                              0.62             0.48             0.63
  230 GTAT2B07O   Unknown           113.58           133.06            93.69
                              0.44             0.41             0.44
  231 Mfd201A     D3S1251           114.02           133.47            94.13
                              0.00             0.09             0.00
  232 AFMc021xb5  D3S3690           114.02           133.56            94.13
                              0.00             0.09             0.00
  233 GATA13H08   D3S2386           114.02           133.65            94.13
                              0.00             0.00             0.00
  234 ATC3D09     D3S1752           114.02           133.65            94.13
                              0.00             0.00             0.00
  235 AFMb076wd1  D3S3619           114.02           133.65            94.13
                              0.00             0.00             0.00
  236 GATA47B01A  Unknown           114.02           133.65            94.13
                              0.00             0.00             0.00
  237 AFM200xg5   D3S1552           114.02           133.65            94.13
                              0.54             1.07             0.00
* 238 AFMa130vd5  D3S3556           114.56           134.72            94.13
                              0.53             1.06             0.00
  239 GATA71D10   D3S2462           115.09           135.78            94.13
                              0.00             0.31             0.00
  240 AFM311vh1   D3S1603           115.09           136.09            94.13
                              0.00             0.31             0.00
  241 GATA47B01   D3S2448           115.09           136.40            94.13
                              0.67             0.45             0.02
  242 AFM023xg1   D3S1559           115.76           136.85            94.15
                              0.00             0.00             0.03
  243 AFMa065xf5  D3S3716           115.76           136.85            94.18
                              0.00             0.00             0.01
  244 ATA22G02    D3S2419           115.76           136.85            94.19
                              0.00             0.00             0.10
  245 UT6384      D3S2318           115.76           136.85            94.29
                              0.00             0.00             0.09
  246 UT1002      D3S1536           115.76           136.85            94.38
                              2.00             3.20             0.64
* 247 GATA11F06   D3S1753           117.76           140.05            95.02
                              0.00             0.00             0.17
  248 AFM126zc5   D3S1271           117.76           140.05            95.19
                              0.00             0.00             0.00
  249 AFMb327yb5  D3S3655           117.76           140.05            95.19
                              1.33             2.68             0.00
  250 AFMb324zc1  D3S3652           119.09           142.73            95.19
                              0.00             0.00             0.00
  251 UT5192      Unknown           119.09           142.73            95.19
                              0.00             0.00             0.00
  252 UT2104      D3S1546           119.09           142.73            95.19
                              0.00             0.00             0.00
  253 GATA68D03   D3S2459           119.09           142.73            95.19
                              1.34             2.67             0.00
  254 AFMb299zg9  D3S3632           120.43           145.40            95.19
                              0.00             0.00             0.00
  255 GATA198F04  Unknown           120.43           145.40            95.19
                              0.00             0.00             0.00
  256 AFM031xa1   D3S3574           120.43           145.40            95.19
                              0.00             0.00             0.00
  257 GATA29H01   Unknown           120.43           145.40            95.19
                              1.24             2.86             0.00
  258 AFM292xg5   D3S1591           121.67           148.26            95.19
                              0.00             0.00             0.00
  259 AFM198zg9   D3S1291           121.67           148.26            95.19
                              2.49             1.42             3.20
  260 AFMb326zb1  D3S3654           124.16           149.68            98.39
                              0.00             0.00             0.00
  261 AFM150ye7   D3S2495           124.16           149.68            98.39
                              0.00             0.00             0.00
  262 AFM348te9   D3S1616           124.16           149.68            98.39
                              0.00             0.00             0.00
  263 AFMb313zb1  D3S3638           124.16           149.68            98.39
                              0.00             0.00             0.00
  264 AFM224xc9   D3S1563           124.16           149.68            98.39
                              0.00             0.00             0.00
  265 GATA84B12   D3S3045           124.16           149.68            98.39
                              0.00             0.00             0.00
  266 UT7556      D3S2325           124.16           149.68            98.39
                              0.00             0.00             0.00
  267 AFM177xh8   D3S1281           124.16           149.68            98.39
                              0.67             1.06             0.00
  268 AFMc028ye5  D3S3695           124.83           150.74            98.39
                              0.00             0.00             0.00
  269 UT7494      D3S2308           124.83           150.74            98.39
                              0.00             0.00             0.00
  270 AFM225xb12  D3S1302           124.83           150.74            98.39
                              2.00             0.00             4.27
  271 AFM284xf9   D3S1586           126.83           150.74           102.66
                              0.00             0.00             0.00
  272 ATC4D07     D3S2422           126.83           150.74           102.66
                              0.00             0.00             0.00
  273 GATA73H11   Unknown           126.83           150.74           102.66
                              0.00             0.00             0.00
  274 GATA84B05   D3S3044           126.83           150.74           102.66
                              0.00             0.00             0.00
  275 GATA146G09  Unknown           126.83           150.74           102.66
                              0.00             0.00             0.00
  276 AFM259va9   D3S1572           126.83           150.74           102.66
                              0.00             0.00             0.00
  277 AFMa125yb1  D3S2496           126.83           150.74           102.66
                              1.06             2.13             0.00
  278 ms207       Unknown           127.89           152.87           102.66
                              0.00             0.00             0.00
  279 GATA86F05   D3S4018           127.89           152.87           102.66
                              0.00             0.00             0.00
  280 UT509       D3S1518           127.89           152.87           102.66
                              0.00             0.00             0.00
  281 AFM321xf5   D3S1610           127.89           152.87           102.66
                              0.00             0.00             0.00
  282 AFMb353ze1  D3S3675           127.89           152.87           102.66
                              0.00             0.00             0.00
  283 AFMc005yb1  D3S3683           127.89           152.87           102.66
                              1.22             2.34             0.00
  284 AFM094vc5   D3S3526           129.11           155.21           102.66
                              0.62             1.17             0.00
  285 AFM164xc5   D3S1278           129.73           156.38           102.66
                              0.00             0.14             0.00
  286 AFM242xh2   D3S1310           129.73           156.52           102.66
                              0.00             0.22             0.00
  287 AFMb346xg9  D3S3665           129.73           156.74           102.66
                              0.00             0.23             0.00
  288 AFMa240yb9  D3S3585           129.73           156.97           102.66
                              0.00             0.27             0.00
  289 AFMb350xh5  D3S3670           129.73           157.24           102.66
                              2.10             0.22             3.01
  290 AFM164tc11  D3S3529           131.83           157.46           105.67
                              0.00             0.09             0.00
  291 AFM270yc5   D3S1579           131.83           157.55           105.67
                              0.00             0.00             0.00
  292 AFM263yh5   D3S1575           131.83           157.55           105.67
                              2.10             1.16             3.02
  293 AFM057xa5   D3S1558           133.93           158.71           108.69
                              0.71             0.00             1.51
* 294 GATA68F07   D3S2460           134.64           158.71           110.20
                              0.00             0.00             0.00
  295 AFMb322zf1  D3S3649           134.64           158.71           110.20
                              1.68             1.17             2.14
  296 AFM225yd6   D3S1303           136.32           159.88           112.34
                              0.00             0.00             0.00
  297 AFMa041wc1  D3S3703           136.32           159.88           112.34
                              0.00             0.00             0.00
  298 AFM308ve9   D3S3515           136.32           159.88           112.34
                              1.12             2.33             0.00
  299 AFMa057wd9  D3S3709           137.44           162.21           112.34
                              0.00             0.00             0.00
  300 AFM217xb4   D3S3513           137.44           162.21           112.34
                              0.56             1.17             0.00
  301 AFMa210ye9  D3S3576           138.00           163.38           112.34
                              0.00             0.00             0.00
  302 AFMb280xb1  D3S3620           138.00           163.38           112.34
                              0.00             0.00             0.00
* 303 ATA28H11    Unknown           138.00           163.38           112.34
                              0.00             0.00             0.00
  304 AFMb345ze1  D3S3664           138.00           163.38           112.34
                              1.12             2.32             0.00
  305 GATA4G01    D3S1765           139.12           165.70           112.34
                              0.00             0.00             0.00
  306 UT876       D3S1667           139.12           165.70           112.34
                              0.00             0.00             0.00
  307 UT1641      D3S2302           139.12           165.70           112.34
                              0.00             0.00             0.00
  308 AFMb353zd1  D3S3674           139.12           165.70           112.34
                              0.00             0.00             0.00
  309 AFMb319yf1  D3S3646           139.12           165.70           112.34
                              0.00             0.00             0.00
  310 AFMa072ya5  D3S3720           139.12           165.70           112.34
                              0.00             0.00             0.00
  311 AFMa119vf5  D3S3552           139.12           165.70           112.34
                              0.00             0.00             0.00
  312 AFMa137zf5  D3S3558           139.12           165.70           112.34
                              0.00             0.00             0.00
  313 AFM116xh2   D3S1267           139.12           165.70           112.34
                              0.12             0.00             0.37
  314 AFM333tg1   D3S3519           139.24           165.70           112.71
                              0.21             0.00             0.37
  315 ATC3A08     Unknown           139.45           165.70           113.08
                              0.20             0.00             0.33
  316 AFM119yh2   D3S1269           139.65           165.70           113.41
                              0.54             0.00             1.07
  317 AFMb307yc5  D3S3636           140.19           165.70           114.48
                              0.00             0.00             0.00
  318 AFMb318ze9  D3S3645           140.19           165.70           114.48
                              0.00             0.00             0.00
  319 AFMa191zg5  D3S3573           140.19           165.70           114.48
                              0.00             0.00             0.00
  320 AFMa183zb1  D3S3569           140.19           165.70           114.48
                              0.00             0.00             0.00
  321 AFM198yc1   D3S1551           140.19           165.70           114.48
                              1.60             3.22             0.00
  322 AFM290zf1   D3S1589           141.79           168.92           114.48
                              2.15             4.29             0.00
  323 AFMa240xe5  D3S3584           143.94           173.21           114.48
                              0.00             0.00             0.00
  324 AFMb025we5  D3S3607           143.94           173.21           114.48
                              0.00             0.00             0.00
  325 AFMb020zb9  D3S3606           143.94           173.21           114.48
                              0.00             0.00             0.00
  326 UT6282      D3S2316           143.94           173.21           114.48
                              0.00             0.00             0.54
  327 Mfd2        RHO               143.94           173.21           115.02
                              2.66             4.27             0.35
  328 UT5225      D3S1671           146.60           177.48           115.37
                              0.00             0.00             0.18
  329 ACPP        Unknown           146.60           177.48           115.55
                              0.00             0.00             0.00
  330 AFM198yh6   D3S1290           146.60           177.48           115.55
                              0.00             0.00             0.00
  331 AFM284zc9   D3S3514           146.60           177.48           115.55
                              0.00             0.00             0.00
  332 AFM151yf2   D3S1273           146.60           177.48           115.55
                              0.00             0.00             0.00
  333 ACPPmfd     Unknown           146.60           177.48           115.55
                              0.00             0.00             0.00
  334 AFM284ze5   D3S1587           146.60           177.48           115.55
                              0.00             0.00             0.00
  335 UT7131      D3S2322           146.60           177.48           115.55
                              0.00             0.00             0.00
  336 AFM199xd6   D3S1292           146.60           177.48           115.55
                              0.00             0.00             0.00
  337 AFM295wc9   D3S1596           146.60           177.48           115.55
                              0.00             0.00             0.00
  338 AFMa109we9  D3S3548           146.60           177.48           115.55
                              0.00             0.00             0.00
  339 UT1474      D3S1541           146.60           177.48           115.55
                              1.60             3.20             0.00
  340 AFMb330yh5  D3S3657           148.20           180.68           115.55
                              0.00             0.00             0.00
  341 AFMa064vb1  D3S3713           148.20           180.68           115.55
                              1.06             0.00             2.13
  342 Mfd125c     D3S1238           149.26           180.68           117.68
                              0.00             0.00             0.00
  343 AFMc006xd9  D3S3684           149.26           180.68           117.68
                              0.54             1.06             0.00
* 344 UT675       D3S1664           149.80           181.74           117.68
                              0.00             0.00             0.00
  345 AFMb316xh5  D3S3641           149.80           181.74           117.68
                              0.00             0.00             0.00
  346 AFM302wa5   D3S3696           149.80           181.74           117.68
                              0.00             0.00             0.12
  347 AFMb309xa9  D3S3637           149.80           181.74           117.80
                              0.17             0.03             0.47
  348 AFMb074yg1  D3S3617           149.97           181.77           118.27
                              0.67             0.52             0.48
  349 AFM291wb9   D3S1590           150.64           182.29           118.75
                              0.85             0.64             1.07
* 350 GATA2H04    Unknown           151.49           182.93           119.82
                              0.00             0.00             0.00
  351 AFM141xa3   D3S3528           151.49           182.93           119.82
                              0.00             0.00             0.00
  352 AFM267xd9   D3S1576           151.49           182.93           119.82
                              0.00             0.00             0.00
  353 AFM347yg1   D3S1615           151.49           182.93           119.82
                              0.00             0.00             0.00
  354 AFM182yc5   D3S1549           151.49           182.93           119.82
                              1.13             0.00             2.13
  355 AFMa246yd5  D3S3586           152.62           182.93           121.95
                              0.00             0.00             0.00
  356 AFM268vc9   D3S1316           152.62           182.93           121.95
                              0.00             0.00             0.00
  357 GATA30F06   D3S2435           152.62           182.93           121.95
                              0.00             0.00             0.00
  358 AFMa121wd5  D3S3554           152.62           182.93           121.95
                              0.00             0.00             0.00
  359 GATA4A10    D3S1764           152.62           182.93           121.95
                              0.00             0.00             0.00
  360 LA153mfd    D3S1206           152.62           182.93           121.95
                              0.00             0.00             0.00
  361 UT5102      D3S1535           152.62           182.93           121.95
                              0.56             0.00             1.07
  362 GATA153C10  Unknown           153.18           182.93           123.02
                              0.56             0.00             1.07
  363 AFMb042xa9  D3S3612           153.74           182.93           124.09
                              0.00             0.00             0.00
  364 AFM240ya11  D3S1309           153.74           182.93           124.09
                              0.00             0.00             0.00
  365 AFMc028yb9  D3S3694           153.74           182.93           124.09
                              0.00             0.00             0.00
  366 AFMa061yg1  D3S3711           153.74           182.93           124.09
                              0.74             1.74             0.00
  367 ATA85B10    Unknown           154.48           184.67           124.09
                              0.00             0.00             0.43
  368 AFMa106yf9  D3S3546           154.48           184.67           124.52
                              3.90             5.38             0.72
  369 UT437       D3S1512           158.38           190.05           125.24
                              0.00             0.00             0.63
  370 AFMa349yf1  D3S3599           158.38           190.05           125.87
                              0.00             0.00             0.00
  371 AFM240xb2   D3S1569           158.38           190.05           125.87
                              1.42             2.37             0.00
  372 AFM184yf4   D3S1550           159.80           192.42           125.87
                              0.00             0.00             0.00
  373 UT7672      D3S2326           159.80           192.42           125.87
                              1.24             0.00             3.58
  374 AFM210ve7   D3S1557           161.04           192.42           129.45
                              0.00             0.00             0.00
  375 Mfd17       D3S196            161.04           192.42           129.45
                              0.00             0.00             0.00
  376 AFM319zf1   D3S1608           161.04           192.42           129.45
                              0.00             0.00             0.00
  377 GATA3C02    D3S1744           161.04           192.42           129.45
                              0.00             0.00             0.00
  378 AFMa041zg9  D3S3704           161.04           192.42           129.45
                              0.00             0.00             0.00
  379 AFM292ye5   D3S1593           161.04           192.42           129.45
                              0.00             0.00             0.00
  380 AFMb295xh5  D3S3627           161.04           192.42           129.45
                              2.14             4.28             0.00
  381 AFM207wd10  D3S3618           163.18           196.70           129.45
                              1.07             2.14             0.00
  382 AFM234wa1   D3S1306           164.25           198.84           129.45
                              0.00             0.00             0.00
  383 AFMb294xf5  D3S3626           164.25           198.84           129.45
                              1.07             1.07             1.07
  384 ATA34D05    D3S3022           165.32           199.91           130.52
                              0.00             0.00             0.00
  385 AFMb341xe9  D3S3661           165.32           199.91           130.52
                              0.00             0.00             0.00
  386 AFMa043tf5  D3S3705           165.32           199.91           130.52
                              0.00             0.00             0.00
  387 AFM056xf12  D3S1555           165.32           199.91           130.52
                              0.53             1.06             0.00
  388 AFM240ve1   D3S1308           165.85           200.97           130.52
                              1.08             2.18             0.00
  389 AFM220yh12  D3S1299           166.93           203.15           130.52
                              2.01             4.32             0.00
  390 AFM292ze1   D3S1594           168.94           207.47           130.52
                              0.00             0.00             0.00
  391 AFM263zc9   D3S1315           168.94           207.47           130.52
                              0.00             0.00             0.00
  392 AFMb293xg5  D3S3625           168.94           207.47           130.52
                              0.66             0.00             1.06
  393 GATA8F01    D3S1746           169.60           207.47           131.58
                              0.00             0.00             0.00
  394 AFM164yg9   D3S1279           169.60           207.47           131.58
                              0.00             0.00             0.00
  395 AFMc018we1  D3S3689           169.60           207.47           131.58
                              0.00             0.00             0.00
  396 GATA135H10  Unknown           169.60           207.47           131.58
                              0.54             0.00             1.07
  397 AFMb361zd5  D3S3677           170.14           207.47           132.65
                              0.00             0.00             0.00
  398 AFM184xd12  D3S3587           170.14           207.47           132.65
                              0.00             0.00             0.00
  399 UT607       D3S1978           170.14           207.47           132.65
                              0.00             0.00             0.00
  400 AFM277wf9   D3S1584           170.14           207.47           132.65
                              0.00             0.00             0.00
  401 AFM168yb4   D3S3531           170.14           207.47           132.65
                              0.00             0.00             0.00
  402 AFM177xe9   D3S1280           170.14           207.47           132.65
                              0.53             1.06             0.00
  403 AFMa057yg5  D3S3710           170.67           208.53           132.65
                              0.80             0.00             1.06
  404 AFM197xb2   D3S3509           171.47           208.53           133.71
                              0.00             0.00             0.00
  405 AFM242xc3   D3S1570           171.47           208.53           133.71
                              0.80             2.14             0.00
  406 GGAA6B07    D3S2404           172.27           210.67           133.71
                              0.00             0.00             0.00
* 407 AFM317xe1   D3S1605           172.27           210.67           133.71
                              0.00             0.00             0.00
  408 Mfd124      D3S1237           172.27           210.67           133.71
                              0.00             0.00             0.00
  409 AFM319yb1   D3S1607           172.27           210.67           133.71
                              0.00             0.00             0.00
  410 AFM157xb4   D3S1275           172.27           210.67           133.71
                              0.00             0.00             0.00
  411 AFMc024yd1  D3S3692           172.27           210.67           133.71
                              0.06             0.03             0.17
  412 UT434       D3S1509           172.33           210.70           133.88
                              1.01             0.77             0.90
  413 AFM200ze11  D3S1553           173.34           211.47           134.78
                              0.00             0.27             0.00
  414 Mfd303      D3S1439           173.34           211.74           134.78
                              0.00             0.00             0.00
  415 AFMa210wh5  D3S3575           173.34           211.74           134.78
                              0.00             0.00             0.00
  416 AFM164ye7   D3S3580           173.34           211.74           134.78
                              0.38             0.92             0.00
  417 UT1708      D3S1545           173.72           212.66           134.78
                              0.04             0.02             0.00
  418 GATA170D01  Unknown           173.76           212.68           134.78
                              0.08             0.05             0.00
  419 UT2054      D3S1543           173.84           212.73           134.78
                              0.03             0.07             0.00
  420 AFM094vc9   D3S3708           173.87           212.80           134.78
                              0.00             0.00             0.00
  421 AFMa218yg1  D3S3579           173.87           212.80           134.78
                              1.07             2.13             0.00
  422 AFM350tc5   D3S3702           174.94           214.93           134.78
                              0.00             0.00             0.00
  423 ATA21H07    D3S2415           174.94           214.93           134.78
                              0.00             0.00             0.00
  424 AFM116xh4   D3S1268           174.94           214.93           134.78
                              0.00             0.00             0.00
  425 UT508       D3S1517           174.94           214.93           134.78
                              0.00             0.00             0.00
  426 GATA91E01   D3S3052           174.94           214.93           134.78
                              0.00             0.00             0.00
  427 AFM031yc5   D3S1258           174.94           214.93           134.78
                              0.00             0.00             0.00
  428 AFMb323yb1  D3S3650           174.94           214.93           134.78
                              0.53             1.07             0.00
  429 AFMa121xb5  D3S3555           175.47           216.00           134.78
                              0.00             0.00             0.00
  430 AFMb349wb5  D3S3668           175.47           216.00           134.78
                              1.07             0.00             2.13
  431 AFM081yh3   D3S1264           176.54           216.00           136.91
                              0.00             0.00             0.00
  432 AFMa062xd1  D3S3712           176.54           216.00           136.91
                              0.00             0.00             0.00
  433 AFMc004xc9  D3S3682           176.54           216.00           136.91
                              0.00             0.00             0.00
  434 GATA3H01    D3S1763           176.54           216.00           136.91
                              0.00             0.00             0.00
  435 GATA167F11  Unknown           176.54           216.00           136.91
                              0.00             0.00             0.00
  436 Mfd205A     D3S1253           176.54           216.00           136.91
                              0.00             0.00             0.00
  437 AFMb353ya9  D3S3673           176.54           216.00           136.91
                              0.00             0.00             0.00
  438 AFMb316zh5  D3S3643           176.54           216.00           136.91
                              1.21             1.60             0.00
  439 AFMb285zc1  D3S3622           177.75           217.60           136.91
                              0.00             1.60             0.00
  440 AFM345th5   D3S1614           177.75           219.20           136.91
                              3.05             0.00             5.34
  441 Mfd182a     D3S1243           180.80           219.20           142.25
                              0.00             0.00             0.00
  442 AFM179xh10  D3S1282           180.80           219.20           142.25
                              0.00             0.00             0.00
  443 AFM224ya3   D3S1564           180.80           219.20           142.25
                              0.00             0.00             0.00
  444 AFMa074ye1  D3S3723           180.80           219.20           142.25
                              0.00             0.00             0.00
  445 AFMb330xc1  D3S3656           180.80           219.20           142.25
                              1.07             2.14             0.00
  446 UT672       D3S1525           181.87           221.34           142.25
                              0.00             0.00             0.00
* 447 GATA92B06   D3S3053           181.87           221.34           142.25
                              0.00             0.00             0.00
  448 AFMa044xe1  D3S3523           181.87           221.34           142.25
                              0.00             0.00             0.00
* 449 GATA28E03   D3S2433           181.87           221.34           142.25
                              0.00             0.00             0.00
  450 AFM155xd6   D3S1574           181.87           221.34           142.25
                              0.00             0.00             0.00
  451 AFMa082zd9  D3S3725           181.87           221.34           142.25
                              1.60             1.07             2.13
  452 AFM333ya5   D3S3520           183.47           222.41           144.38
                              0.00             0.00             0.00
  453 AFM210va7   D3S1556           183.47           222.41           144.38
                              1.93             1.43             2.13
  454 GATA21A05   D3S2425           185.40           223.84           146.51
                              0.00             0.00             0.00
  455 AFM164tc7   D3S1548           185.40           223.84           146.51
                              0.64             1.44             0.00
  456 AFM224zb12  D3S1565           186.04           225.28           146.51
                              0.64             1.43             0.00
  457 ATA6E07     D3S2421           186.68           226.71           146.51
                              0.81             1.61             0.00
  458 AFMb354xb1  D3S3676           187.49           228.32           146.51
                              0.00             0.00             0.00
  459 UT7629      D3S2309           187.49           228.32           146.51
                              0.80             1.61             0.00
  460 GATA22F11   D3S2427           188.29           229.93           146.51
                              0.00             0.00             0.00
  461 UT5101      D3S2312           188.29           229.93           146.51
                              0.00             0.00             0.00
* 462 GATA81H05   D3S3041           188.29           229.93           146.51
                              0.71             0.00             1.61
  463 ATA16H09    D3S2412           189.00           229.93           148.12
                              1.43             1.06             1.60
  464 AFMa064yc1  D3S3715           190.43           230.99           149.72
                              0.00             0.00             0.00
* 465 GATA72A06   D3S3037           190.43           230.99           149.72
                              0.61             0.00             1.56
  466 AFM206zf4   D3S3511           191.04           230.99           151.28
                              0.75             0.00             1.67
  467 AFM326xc5   D3S3699           191.79           230.99           152.95
                              0.00             0.00             0.00
  468 AFMa103xb9  D3S3730           191.79           230.99           152.95
                              0.00             0.00             0.00
  469 AFMa162xb9  D3S3565           191.79           230.99           152.95
                              0.00             0.00             0.00
  470 AFMb343zc5  D3S3662           191.79           230.99           152.95
                              0.00             0.00             0.00
  471 Mfd16       D3S1232           191.79           230.99           152.95
                              1.06             1.93             0.00
  472 AFMb004wd5  D3S3603           192.85           232.92           152.95
                              0.90             0.00             1.07
  473 AFM242yc9   D3S1571           193.75           232.92           154.02
                              0.00             0.48             0.00
  474 UT602       D3S1521           193.75           233.40           154.02
                              0.00             0.00             0.00
  475 UT5901      D3S2314           193.75           233.40           154.02
                              0.93             2.41             0.00
  476 AFM350te5   D3S1618           194.68           235.81           154.02
                              0.92             0.00             1.06
  477 AFMb031zg5  D3S3609           195.60           235.81           155.08
                              0.00             0.00             0.00
  478 AFMa239zb5  D3S3583           195.60           235.81           155.08
                              0.00             0.00             0.00
  479 AFMa217zh5  D3S3578           195.60           235.81           155.08
                              3.08             6.61             0.00
  480 AFMa306xg9  D3S3592           198.68           242.42           155.08
                              0.00             0.00             1.08
  481 AFM349xc5   D3S1617           198.68           242.42           156.16
                              2.46             2.64             1.07
  482 AFMa184za5  D3S3570           201.14           245.06           157.23
                              0.00             0.00             0.00
  483 UT871       D3S1530           201.14           245.06           157.23
                              0.00             0.00             0.00
  484 AFM059xa9   D3S1262           201.14           245.06           157.23
                              0.00             0.00             0.00
  485 UT5070      D3S2311           201.14           245.06           157.23
                              0.00             0.00             0.00
  486 AFM308zh9   D3S1602           201.14           245.06           157.23
                              2.14             4.28             0.00
  487 Mfd4        SST               203.28           249.34           157.23
                              0.00             0.00             0.00
  488 GATA32D12   D3S2436           203.28           249.34           157.23
                              0.53             1.07             0.00
  489 AFMc008xd5  D3S3686           203.81           250.41           157.23
                              0.00             0.00             0.00
  490 AFMa350xe1  D3S3600           203.81           250.41           157.23
                              1.75             4.11             0.00
  491 AFMb324xc5  D3S3651           205.56           254.52           157.23
                              0.87             0.00             0.49
  492 AFMa342yh1  D3S3596           206.43           254.52           157.72
                              0.00             0.00             0.58
  493 ATA57D10    Unknown           206.43           254.52           158.30
                              0.00             0.00             0.00
  494 AFMb296wg1  D3S3628           206.43           254.52           158.30
                              1.30             2.73             0.00
  495 AFM270zg9   D3S1580           207.73           257.25           158.30
                              1.68             3.42             0.00
  496 GATA6G12    D3S2398           209.41           260.67           158.30
                              0.00             0.00             0.00
  497 UT441       D3S1661           209.41           260.67           158.30
                              0.00             0.00             0.00
  498 AFM164zf8   D3S3530           209.41           260.67           158.30
                              0.00             0.00             0.00
  499 AFMa109zf5  D3S3549           209.41           260.67           158.30
                              0.68             0.00             1.08
  500 AFM207yd8   D3S1294           210.09           260.67           159.38
                              2.52             3.41             1.49
  501 AFM198ya3   D3S1288           212.61           264.08           160.87
                              0.00             0.00             0.00
  502 AFM260yb1   D3S1314           212.61           264.08           160.87
                              0.00             0.00             0.00
  503 AFM283wc5   D3S2747           212.61           264.08           160.87
                              1.03             0.00             2.43
  504 GATA61H05   D3S2455           213.64           264.08           163.30
                              0.81             0.00             1.50
  505 GATA83E04   D3S3043           214.45           264.08           164.80
                              0.00             0.00             0.00
  506 AFMa137wc9  D3S3557           214.45           264.08           164.80
                              0.00             0.00             0.00
  507 AFM308yf1   D3S1601           214.45           264.08           164.80
                              0.00             0.00             0.00
  508 UT604       D3S1662           214.45           264.08           164.80
                              0.00             0.00             0.00
  509 AFMb343zf5  D3S3663           214.45           264.08           164.80
                              0.00             0.00             0.00
  510 GGAA22B10   D3S3054           214.45           264.08           164.80
                              1.39             0.78             1.07
  511 ATA22E01    D3S2418           215.84           264.86           165.87
                              0.00             0.93             0.00
  512 AFMb349xf5  D3S3669           215.84           265.79           165.87
                              1.40             1.72             0.00
  513 AFMb043xe9  D3S2748           217.24           267.51           165.87
                              0.00             0.00             0.00
  514 UT605       D3S1523           217.24           267.51           165.87
                              0.00             0.00             0.00
  515 AFMa143yc9  D3S3562           217.24           267.51           165.87
                              0.00             0.00             0.00
  516 UT6129      D3S2305           217.24           267.51           165.87
                              0.00             0.00             1.25
  517 AFMb316yb9  D3S3642           217.24           267.51           167.12
                              0.00             0.00             0.00
  518 AFMa300wa5  D3S3590           217.24           267.51           167.12
                              1.42             1.07             2.26
  519 Mfd30       D3S240            218.66           268.58           169.38
                              4.17             1.08             6.62
  520 AFM234tg3   D3S1305           222.83           269.66           176.00
                              0.00             0.00             0.00
  521 AFM087yb7   D3S1265           222.83           269.66           176.00
                              2.05             0.00             4.19
  522 UT5698      D3S2306           224.88           269.66           180.19
                              0.00             0.00             0.27
  523 AFM136xc1   D3S1272           224.88           269.66           180.46
                              0.00             0.00             0.00
  524 AFM254ve1   D3S1311           224.88           269.66           180.46
                              0.00             0.00             0.00
  525 3QTEL05     D3S4560           224.88           269.66           180.46
                              0.00             0.00             0.00
  526 AFMa050yd5  D3S3707           224.88           269.66           180.46
                              2.69             0.00             3.77
  527 AFMa114yd1  D3S3550           227.57           269.66           184.23
                              0.57             0.00             5.94
  528 UT6389      D3S2320           228.14           269.66           190.17
