      Marker      Dnumber      sex-ave(cM)      female(cM)        male(cM)

    1 4PTEL04     D4S3360             0.00             0.00             0.00
                              1.48             1.34             1.65
    2 AFMa060ze5  D4S3038             1.48             1.34             1.65
                              0.00             0.00             0.00
    3 AFMa275yg5  D4S2936             1.48             1.34             1.65
                              3.26             0.54             5.42
    4 Mfd83       D4S179              4.74             1.88             7.07
                              0.00             0.55             0.00
    5 AFM196xb6   D4S412              4.74             2.43             7.07
                              0.00             0.00             0.00
    6 AFMa055tc9  D4S3034             4.74             2.43             7.07
                              0.00             0.00             0.00
    7 AFM331xh5   D4S1614             4.74             2.43             7.07
                              2.10             2.73             0.68
    8 AFM266wb9   D4S432              6.84             5.16             7.75
                              0.00             0.00             0.59
    9 AFMb016xg9  D4S2957             6.84             5.16             8.34
                              1.40             2.72             0.00
   10 AFMa046xh1  D4S3023             8.24             7.88             8.34
                              0.00             0.00             0.00
   11 AFM163yc1   D4S2925             8.24             7.88             8.34
                              1.66             0.00             3.24
   12 UT5936      D4S2285             9.90             7.88            11.58
                              2.45             2.16             3.19
   13 AFM262vg9   D4S431             12.35            10.04            14.77
                              0.58             1.08             0.00
   14 AFM292ya5   D4S3007            12.93            11.12            14.77
                              0.00             0.00             0.00
   15 GATA22G05   D4S2366            12.93            11.12            14.77
                              1.03             0.00             1.61
   16 AFMa247xb5  D4S2935            13.96            11.12            16.38
                              2.05             2.65             1.62
   17 AFM037yg1   D4S394             16.01            13.77            18.00
                              1.48             3.52             0.00
   18 AFM265yh5   D4S2983            17.49            17.29            18.00
                              0.00             0.00             0.00
   19 AFMa202zc1  D4S2923            17.49            17.29            18.00
                              5.68             8.16             1.62
   20 AFMa337zb1  D4S2949            23.17            25.45            19.62
                              0.00             0.00             1.25
   21 AFM308wb9   D4S3009            23.17            25.45            20.87
                              0.00             0.00             0.00
   22 AFM296wb1   D4S1599            23.17            25.45            20.87
                              0.00             0.00             0.00
   23 AFMa223wg1  D4S2928            23.17            25.45            20.87
                              0.00             0.00             0.00
   24 AFM304xa5   D4S1605            23.17            25.45            20.87
                              0.59             0.00             1.43
*  25 UT7953      D4S2315            23.76            25.45            22.30
                              0.00             0.00             0.00
   26 Mfd206      D4S1634            23.76            25.45            22.30
                              0.00             0.00             0.00
   27 UT5114      D4S2281            23.76            25.45            22.30
                              0.00             0.00             0.00
   28 GATA145E01  Unknown            23.76            25.45            22.30
                              0.00             0.00             0.00
   29 AFM283zf5   D4S1582            23.76            25.45            22.30
                              0.53             1.07             0.00
   30 AFMa106yc1  D4S2906            24.29            26.52            22.30
                              0.00             0.00             0.00
   31 AFMa057yf1  D4S3036            24.29            26.52            22.30
                              1.07             1.07             1.07
   32 AFMa300we5  D4S2944            25.36            27.59            23.37
                              0.54             1.08             0.00
   33 AFM157xg3   D4S403             25.90            28.67            23.37
                              0.00             0.00             0.00
   34 AFMb341zd1  D4S2984            25.90            28.67            23.37
                              0.00             0.00             0.00
   35 AFMa290zd9  D4S2942            25.90            28.67            23.37
                              0.00             0.00             0.00
   36 AFM303xe5   D4S1602            25.90            28.67            23.37
                              1.62             0.35             2.71
   37 UT714       D4S1511            27.52            29.02            26.08
                              0.00             0.32             0.00
   38 UT7738      D4S2311            27.52            29.34            26.08
                              1.62             0.31             2.71
   39 AFMb286wg1  D4S2960            29.14            29.65            28.79
                              0.00             0.09             0.00
   40 AFMa081te9  D4S3048            29.14            29.74            28.79
                              0.54             0.00             1.07
   41 AFM109xd12  D4S1567            29.68            29.74            29.86
                              0.00             0.00             0.00
   42 GGAT18G02   Unknown            29.68            29.74            29.86
                              0.00             0.00             0.00
   43 AFM299zf5   D4S1601            29.68            29.74            29.86
                              0.00             0.00             0.00
   44 UT1508      D4S1525            29.68            29.74            29.86
                              0.00             0.00             0.47
   45 GAAT1D1     D4S2362            29.68            29.74            30.33
                              3.74             6.45             0.60
   46 AFMa309xg9  D4S2946            33.42            36.19            30.93
                              0.00             0.00             0.00
   47 UT878       D4S2289            33.42            36.19            30.93
                              0.00             0.00             0.00
   48 AFM207wa11  D4S419             33.42            36.19            30.93
                              0.00             0.00             0.00
*  49 GATA81G05   D4S2633            33.42            36.19            30.93
                              0.54             1.06             0.00
   50 ATA28H07    D4S2399            33.96            37.25            30.93
                              0.00             0.00             0.00
   51 AFM312wb1   D4S1608            33.96            37.25            30.93
                              0.00             0.00             0.00
   52 GATA87B03   Unknown            33.96            37.25            30.93
                              0.00             0.00             0.00
   53 AFMa218yf1  D4S2926            33.96            37.25            30.93
                              1.07             0.00             2.14
   54 AFM248td5   D4S1562            35.03            37.25            33.07
                              0.00             0.00             0.00
*  55 GATA70E01   Unknown            35.03            37.25            33.07
                              0.00             0.00             0.00
   56 UT1692      D4S1533            35.03            37.25            33.07
                              0.00             0.00             0.00
   57 AFM294vb1   D4S1593            35.03            37.25            33.07
                              0.00             0.00             0.00
   58 GATA158G03  Unknown            35.03            37.25            33.07
                              0.00             0.00             0.00
   59 AFMa044tf5  D4S3020            35.03            37.25            33.07
                              0.00             0.00             0.00
   60 AFMa106wg9  D4S2905            35.03            37.25            33.07
                              0.00             0.00             0.00
   61 UT1298      D4S1521            35.03            37.25            33.07
                              0.00             0.00             0.00
   62 AFM200wc11  D4S1546            35.03            37.25            33.07
                              0.53             0.00             1.07
   63 AFMa345yf1  D4S2953            35.56            37.25            34.14
                              0.00             0.00             0.00
   64 GATA186A12  Unknown            35.56            37.25            34.14
                              0.00             0.00             0.00
   65 AFMa041wa9  D4S3017            35.56            37.25            34.14
                              0.53             1.07             0.00
   66 AFM234va1   D4S425             36.09            38.32            34.14
                              0.00             0.00             0.00
   67 AFM269xe9   D4S2994            36.09            38.32            34.14
                              0.54             0.00             1.07
   68 AFM333vc9   D4S3013            36.63            38.32            35.21
                              0.00             0.00             0.00
   69 AFMa244zd1  D4S2933            36.63            38.32            35.21
                              0.53             1.07             0.00
   70 AFM158xc7   D4S404             37.16            39.39            35.21
                              0.00             0.00             0.00
   71 AFM290zg5   D4S1590            37.16            39.39            35.21
                              1.61             0.35             2.14
   72 AFM207we11  D4S1551            38.77            39.74            37.35
                              0.00             0.72             0.00
   73 AFMa114zb9  D4S2911            38.77            40.46            37.35
                              0.00             0.00             0.00
   74 AFMb309xa5  D4S2970            38.77            40.46            37.35
                              0.00             0.00             0.00
   75 AFMa290vd9  D4S2941            38.77            40.46            37.35
                              0.00             0.00             0.00
   76 AFMa337wf1  D4S2948            38.77            40.46            37.35
                              0.00             0.00             0.00
   77 AFMa065xg9  D4S3044            38.77            40.46            37.35
                              0.00             0.00             0.00
   78 AFMa101yd1  D4S3052            38.77            40.46            37.35
                              0.53             1.08             0.00
   79 AFMa045zd5  D4S3022            39.30            41.54            37.35
                              0.00             0.00             2.03
   80 UT5665      D4S2305            39.30            41.54            39.38
                              3.44             5.36             0.11
   81 ATA27C07    D4S2397            42.74            46.90            39.49
                              0.00             0.00             0.00
   82 Mfd281      D4S1091            42.74            46.90            39.49
                              0.85             0.00             1.07
   83 AFM016xf3   D4S391             43.59            46.90            40.56
                              0.54             0.00             1.07
   84 AFM312wc9   D4S1609            44.13            46.90            41.63
                              0.53             1.06             0.00
   85 Mfd194A     D4S230             44.66            47.96            41.63
                              0.00             0.00             0.00
   86 UT1049      D4S2282            44.66            47.96            41.63
                              0.00             0.00             0.00
   87 UT8051      D4S2310            44.66            47.96            41.63
                              0.00             0.00             0.00
   88 UT981       D4S2291            44.66            47.96            41.63
                              0.00             0.00             0.00
   89 GCT6F03     D4S2430            44.66            47.96            41.63
                              0.00             0.00             0.00
   90 AFM203xa9   D4S418             44.66            47.96            41.63
                              1.31             2.14             0.04
   91 AFMb304yc9  D4S2968            45.97            50.10            41.67
                              0.00             0.00             0.20
   92 GATA25B06   D4S2408            45.97            50.10            41.87
                              0.00             0.00             0.33
*  93 AFM345xa5   D4S1618            45.97            50.10            42.20
                              1.61             2.67             0.50
   94 AFMa126xa9  D4S2912            47.58            52.77            42.70
                              0.00             0.00             0.00
   95 GATA74C04   Unknown            47.58            52.77            42.70
                              1.89             2.68             1.06
   96 GATA23B10   Unknown            49.47            55.45            43.76
                              0.00             0.00             0.00
   97 AFMa049xh9  D4S3027            49.47            55.45            43.76
                              0.00             0.00             0.00
   98 AFMc013ye9  D4S3001            49.47            55.45            43.76
                              1.06             2.13             0.00
   99 AFM059yg5   D4S2988            50.53            57.58            43.76
                              0.00             0.00             0.00
  100 AFMa348yd9  D4S2955            50.53            57.58            43.76
                              0.00             0.00             0.00
  101 UT7911      D4S2313            50.53            57.58            43.76
                              0.00             0.00             0.00
* 102 GATA170H04  Unknown            50.53            57.58            43.76
                              0.00             0.00             0.00
  103 AFMb358xh1  D4S2995            50.53            57.58            43.76
                              0.00             0.00             0.00
  104 Mfd71       D4S188             50.53            57.58            43.76
                              0.00             0.00             0.00
  105 AFM288yb5   D4S1587            50.53            57.58            43.76
                              0.00             0.00             0.00
  106 GATA70C04   D4S2629            50.53            57.58            43.76
                              1.07             2.14             0.00
  107 UT676       D4S1508            51.60            59.72            43.76
                              0.00             0.00             0.00
  108 AFMa061zh9  D4S3040            51.60            59.72            43.76
                              0.00             0.00             1.07
  109 AFMa338wg5  D4S2950            51.60            59.72            44.83
                              0.00             0.00             0.00
  110 AFM280tf5   D4S1581            51.60            59.72            44.83
                              5.35             9.71             0.00
  111 AFM161yf6   D4S405             56.95            69.43            44.83
                              0.00             0.00             0.00
  112 Mfd59       D4S174             56.95            69.43            44.83
                              0.00             0.00             0.00
  113 GGAT2C10    D4S2382            56.95            69.43            44.83
                              0.80             1.07             0.62
  114 AFMa163tg5  D4S2919            57.75            70.50            45.45
                              0.80             1.08             0.44
  115 AFMa070yf5  D4S3045            58.55            71.58            45.89
                              1.07             2.15             0.00
  116 AFMb319ze5  D4S2974            59.62            73.73            45.89
                              0.09             0.32             0.00
  117 Mfd208      D4S350             59.71            74.05            45.89
                              0.18             0.44             0.00
  118 GATA172D08  Unknown            59.89            74.49            45.89
                              0.27             0.32             0.00
  119 GATA7D01    D4S1627            60.16            74.81            45.89
                              0.00             0.00             0.00
  120 UT2203      D4S2295            60.16            74.81            45.89
                              0.00             0.00             0.00
  121 GATA31B10   Unknown            60.16            74.81            45.89
                              0.00             0.00             0.00
  122 Mfd106A     D4S190             60.16            74.81            45.89
                              0.00             0.00             0.00
  123 GGAA6H08    Unknown            60.16            74.81            45.89
                              0.00             0.00             0.00
  124 AFMa047yf1  D4S3025            60.16            74.81            45.89
                              0.00             0.00             0.00
  125 AFM150xe5   D4S401             60.16            74.81            45.89
                              0.00             0.00             0.00
  126 ATA19F04    D4S3241            60.16            74.81            45.89
                              0.00             0.00             0.00
* 127 GATA142F11  Unknown            60.16            74.81            45.89
                              0.00             0.00             0.00
  128 AFM200yc7   D4S1547            60.16            74.81            45.89
                              0.00             0.00             0.00
  129 GATA170G06  Unknown            60.16            74.81            45.89
                              0.63             1.25             0.00
  130 AFM057xe5   D4S396             60.79            76.06            45.89
                              0.00             0.00             0.00
  131 Mfd222      D4S1635            60.79            76.06            45.89
                              0.00             0.00             0.00
  132 AFM168xa5   D4S1536            60.79            76.06            45.89
                              0.63             1.26             0.00
  133 AFMc015xe5  D4S3002            61.42            77.32            45.89
                              0.00             0.00             0.00
  134 GATA144E02  Unknown            61.42            77.32            45.89
                              0.00             0.00             0.00
  135 UT5941      D4S2300            61.42            77.32            45.89
                              0.00             0.00             0.00
  136 AFMb312yg1  D4S2971            61.42            77.32            45.89
                              0.00             0.00             0.00
  137 AFM274xb9   D4S1577            61.42            77.32            45.89
                              0.00             0.00             0.00
  138 GATA62G08   D4S3255            61.42            77.32            45.89
                              2.16             4.47             0.00
  139 GATA8D12    D4S1630            63.58            81.79            45.89
                              0.00             0.00             0.00
  140 GATA61B02   Unknown            63.58            81.79            45.89
                              0.00             0.00             0.00
  141 AFMb359yh9  D4S2996            63.58            81.79            45.89
                              0.66             1.23             0.00
  142 AFM255zf1   D4S428             64.24            83.02            45.89
                              0.00             0.00             0.00
  143 AFM294vb9   D4S1594            64.24            83.02            45.89
                              1.57             1.47             2.13
  144 AFMa152wh5  D4S2916            65.81            84.49            48.02
                              3.13             5.92             0.00
  145 UT5228      D4S1518            68.94            90.41            48.02
                              0.00             0.00             0.00
  146 AFMb364zg9  D4S3000            68.94            90.41            48.02
                              0.00             0.00             0.00
  147 AFM356tc5   D4S1619            68.94            90.41            48.02
                              0.00             0.00             0.00
  148 AFM284vc5   D4S1583            68.94            90.41            48.02
                              0.00             0.00             0.00
  149 AFMb331yg1  D4S2978            68.94            90.41            48.02
                              0.59             1.23             0.00
  150 AFM292xe1   D4S1592            69.53            91.64            48.02
                              0.00             0.00             0.00
  151 AFMa044tf1  D4S3019            69.53            91.64            48.02
                              2.24             3.29             1.07
  152 AFM135xe1   D4S1569            71.77            94.93            49.09
                              0.75             1.65             0.00
  153 AFM297za5   D4S1600            72.52            96.58            49.09
                              0.00             0.00             0.00
  154 Mfd74A      D4S189             72.52            96.58            49.09
                              0.00             0.00             0.00
  155 AFM135xc3   D4S398             72.52            96.58            49.09
                              0.00             0.00             0.00
  156 GATA88G02   D4S2638            72.52            96.58            49.09
                              0.00             0.00             0.00
  157 UT7665      D4S2308            72.52            96.58            49.09
                              0.00             0.00             0.00
  158 GATA28F03   D4S3248            72.52            96.58            49.09
                              0.00             0.00             0.00
  159 GATA11F12   D4S1645            72.52            96.58            49.09
                              2.14             4.29             0.00
  160 GATA70D04   Unknown            74.66           100.87            49.09
                              0.54             1.09             0.00
  161 AFM280va9   D4S3004            75.20           101.96            49.09
                              0.00             0.00             0.00
  162 AFM268wf1   D4S2987            75.20           101.96            49.09
                              0.00             0.00             0.00
  163 AFM036yb2   D4S1541            75.20           101.96            49.09
                              0.00             0.00             0.00
  164 GGAA20C03   D4S2432            75.20           101.96            49.09
                              0.00             0.00             0.00
  165 AFM267zc5   D4S1574            75.20           101.96            49.09
                              0.00             0.00             0.00
  166 AFM142xd4   D4S399             75.20           101.96            49.09
                              0.80             1.80             0.00
  167 AFM198we3   D4S416             76.00           103.76            49.09
                              1.22             3.61             0.00
  168 AFM029xb4   D4S1568            77.22           107.37            49.09
                              1.21             0.00             1.06
* 169 ATA17G10    D4S2387            78.43           107.37            50.15
                              0.00             0.00             0.00
  170 AFMa041xd9  D4S3018            78.43           107.37            50.15
                              0.00             0.00             0.00
  171 AFM183xd6   D4S409             78.43           107.37            50.15
                              0.00             0.00             0.00
  172 ATC5H03     Unknown            78.43           107.37            50.15
                              0.00             0.00             0.00
  173 AFMa099wg5  D4S3050            78.43           107.37            50.15
                              0.00             0.00             0.00
* 174 GATA24H01   D4S2367            78.43           107.37            50.15
                              0.54             1.05             0.00
  175 AFM177xf8   D4S2931            78.97           108.42            50.15
                              0.00             0.02             0.00
  176 UT8137A     Unknown            78.97           108.44            50.15
                              0.00             0.00             0.00
  177 UT8137B     Unknown            78.97           108.44            50.15
                              0.00             0.00             0.00
  178 AFM022xc1   D4S392             78.97           108.44            50.15
                              0.00             0.00             0.00
  179 AFM191xh2   D4S1543            78.97           108.44            50.15
                              0.00             0.00             0.00
  180 AFMb305yh9  D4S2969            78.97           108.44            50.15
                              0.72             0.00             1.08
  181 ATA22B11    D4S2389            79.69           108.44            51.23
                              0.00             0.00             0.00
  182 GC          Unknown            79.69           108.44            51.23
                              2.40             2.71             2.15
  183 UT5137      D4S1517            82.09           111.15            53.38
                              1.20             2.72             0.00
  184 AFM238xf6   D4S1558            83.29           113.87            53.38
                              0.00             0.00             0.00
  185 AFMa062yc1  D4S3042            83.29           113.87            53.38
                              0.00             0.00             0.00
  186 AFMb055zg9  D4S2958            83.29           113.87            53.38
                              0.00             0.00             0.00
  187 AFMb347zh1  D4S2990            83.29           113.87            53.38
                              0.63             1.35             0.00
  188 AFMa143ze5  D4S2915            83.92           115.22            53.38
                              0.00             0.00             0.00
  189 UT7943      D4S2314            83.92           115.22            53.38
                              1.26             0.00             2.13
  190 ATA25H11    D4S2393            85.18           115.22            55.51
                              1.88             4.02             0.00
  191 AFMa323wd5  D4S2947            87.06           119.24            55.51
                              0.00             0.00             0.00
  192 GATA71D08   D4S2630            87.06           119.24            55.51
                              0.00             0.00             0.00
  193 AFMc017zf1  D4S3003            87.06           119.24            55.51
                              0.00             0.00             0.00
* 194 GATA29B12   D4S2410            87.06           119.24            55.51
                              0.00             0.00             0.00
  195 GAAT1E01    D4S2363            87.06           119.24            55.51
                              0.00             0.00             0.00
  196 AFM211yf6   D4S2963            87.06           119.24            55.51
                              1.29             2.86             0.00
  197 AFM143xh10  D4S400             88.35           122.10            55.51
                              0.00             0.00             0.00
  198 AFMb296zc1  D4S2964            88.35           122.10            55.51
                              0.00             0.00             0.90
* 199 GATA168A08  Unknown            88.35           122.10            56.41
                              1.93             0.50             1.23
  200 AFM310zc1   D4S3010            90.28           122.60            57.64
                              0.00             0.53             0.00
  201 AFM210wh8   D4S1553            90.28           123.13            57.64
                              0.00             0.35             0.00
  202 AFMa240zb9  D4S2932            90.28           123.48            57.64
                              0.00             0.05             0.00
  203 AFM162xh4   D4S2922            90.28           123.53            57.64
                              0.00             0.00             0.05
  204 AFM316xd9   D4S3011            90.28           123.53            57.69
                              2.14             2.14             2.11
  205 AFM046xd4   D4S395             92.42           125.67            59.80
                              1.06             1.07             1.07
  206 AFM036xg3   D4S1538            93.48           126.74            60.87
                              0.00             0.00             0.79
  207 GATA68C08   Unknown            93.48           126.74            61.66
                              0.00             0.00             0.68
  208 ATA2A03     D4S2361            93.48           126.74            62.34
                              1.61             1.07             0.69
  209 AFM155xe11  D4S1534            95.09           127.81            63.03
                              1.07             0.81             1.06
  210 AFM353tc1   D4S2462            96.16           128.62            64.09
                              0.00             0.26             0.00
  211 UT2537      D4S2284            96.16           128.88            64.09
                              0.00             0.00             0.00
  212 AFMa224wc5  D4S2929            96.16           128.88            64.09
                              0.00             0.00             0.00
  213 GATA26B12   D4S2409            96.16           128.88            64.09
                              0.00             0.90             0.00
  214 AFM189yc3   D4S1542            96.16           129.78            64.09
                              1.14             0.30             1.07
  215 AFMa082zd1  D4S2460            97.30           130.08            65.16
                              0.00             0.00             0.16
  216 AFM248vf1   D4S1563            97.30           130.08            65.32
                              1.84             2.43             0.92
  217 AFMb343za9  D4S2461            99.14           132.51            66.24
                              0.92             2.44             0.00
  218 GGAA22C12   D4S2433           100.06           134.95            66.24
                              0.00             0.00             0.00
  219 AFM197ya5   D4S1544           100.06           134.95            66.24
                              0.69             0.00             1.07
  220 AFM224xd6   D4S423            100.75           134.95            67.31
                              0.00             0.00             0.00
  221 AFM284yd1   D4S3006           100.75           134.95            67.31
                              0.00             0.00             0.00
  222 GAAT1F09    D4S2364           100.75           134.95            67.31
                              0.00             0.00             0.00
  223 Mfd268      D4S1089           100.75           134.95            67.31
                              0.00             0.00             0.00
  224 Mfd357      D4S2278           100.75           134.95            67.31
                              0.00             0.00             0.00
  225 AFM077yf11  D4S1557           100.75           134.95            67.31
                              0.00             0.00             0.00
  226 GATA21G02   D4S2404           100.75           134.95            67.31
                              0.00             0.00             0.00
  227 GGAA18A06   D4S2380           100.75           134.95            67.31
                              0.00             0.00             0.00
  228 AFM183xh4   D4S410            100.75           134.95            67.31
                              0.00             0.00             0.00
  229 AFM196xf4   D4S414            100.75           134.95            67.31
                              0.00             0.00             0.00
  230 AFMa058xb9  D4S3037           100.75           134.95            67.31
                              0.80             0.00             1.43
  231 AFMa110xc1  D4S2909           101.55           134.95            68.74
                              3.20             3.60             2.86
  232 GATA6D11    D4S1628           104.75           138.55            71.60
                              0.00             0.00             0.00
  233 UT2079      D4S1532           104.75           138.55            71.60
                              0.00             0.00             0.00
  234 GATA25A01   D4S2407           104.75           138.55            71.60
                              0.00             0.00             0.00
  235 Mfd315      D4S1637           104.75           138.55            71.60
                              0.00             0.00             0.00
  236 Mfd324      D4S1638           104.75           138.55            71.60
                              0.00             0.00             0.00
  237 GATA82D12   D4S2634           104.75           138.55            71.60
                              0.00             0.00             0.00
  238 AFM238zf10  D4S1559           104.75           138.55            71.60
                              0.00             0.00             0.00
  239 AFM274zc5   D4S1578           104.75           138.55            71.60
                              0.00             0.00             0.00
  240 AFM242xd8   D4S1560           104.75           138.55            71.60
                              0.00             0.00             0.00
  241 AFMb317zg5  D4S2973           104.75           138.55            71.60
                              0.19             0.65             0.00
  242 GATA2F11    D4S1647           104.94           139.20            71.60
                              0.35             0.42             0.00
  243 AFMb343wc1  D4S2986           105.29           139.62            71.60
                              1.60             3.20             0.00
  244 AFM218xh8   D4S421            106.89           142.82            71.60
                              0.00             0.00             0.00
  245 AFMb298yc5  D4S2966           106.89           142.82            71.60
                              0.00             0.19             0.00
  246 AFM291zd1   D4S1591           106.89           143.01            71.60
                              1.06             0.88             1.07
  247 AFMa108zc5  D4S2907           107.95           143.89            72.67
                              0.00             0.00             0.00
  248 AFMb286zf9  D4S2961           107.95           143.89            72.67
                              0.00             0.00             0.00
  249 AFMa136xb5  D4S2913           107.95           143.89            72.67
                              0.00             0.00             0.00
  250 AFM265va9   D4S1572           107.95           143.89            72.67
                              0.00             0.00             0.00
  251 AFMa065wh1  D4S3043           107.95           143.89            72.67
                              1.07             0.26             1.07
  252 AFM150yh6   D4S1570           109.02           144.15            73.74
                              0.00             0.81             0.00
  253 AFMa047zg5  D4S3026           109.02           144.96            73.74
                              0.00             0.00             0.00
  254 AFM186xa7   D4S411            109.02           144.96            73.74
                              3.60             1.07             6.15
  255 UT2021      D4S1531           112.62           146.03            79.89
                              0.00             0.00             0.00
  256 AFMa153yh9  D4S2917           112.62           146.03            79.89
                              0.00             0.00             0.00
  257 AFM248zg9   D4S1564           112.62           146.03            79.89
                              1.42             0.00             2.46
  258 GATA62A12   D4S2623           114.04           146.03            82.35
                              0.00             0.00             0.00
  259 ACT3E03     D4S3240           114.04           146.03            82.35
                              0.63             1.62             0.00
  260 AFM263yh9   D4S1571           114.67           147.65            82.35
                              1.70             1.61             2.13
  261 AFMa302wb5  D4S2945           116.37           149.26            84.48
                              0.69             1.08             0.00
  262 AFMb347vf9  D4S2989           117.06           150.34            84.48
                              0.00             0.00             0.00
  263 AFM164wd10  D4S407            117.06           150.34            84.48
                              0.00             0.00             0.00
  264 AFM343wf9   D4S1616           117.06           150.34            84.48
                              0.00             0.00             0.00
  265 AFM164tf6   D4S406            117.06           150.34            84.48
                              0.00             0.00             0.00
  266 UT6097      D4S2301           117.06           150.34            84.48
                              0.00             0.00             0.00
  267 UT882       D4S1513           117.06           150.34            84.48
                              0.00             0.00             0.00
  268 UT7739      D4S2309           117.06           150.34            84.48
                              0.00             0.00             0.00
  269 GATA4C04    D4S1651           117.06           150.34            84.48
                              0.00             0.00             0.00
  270 AFM190xa9   D4S2940           117.06           150.34            84.48
                              0.00             0.00             0.00
  271 UT5657      D4S2297           117.06           150.34            84.48
                              0.00             0.00             0.00
  272 Mfd142A     D4S193            117.06           150.34            84.48
                              3.24             2.95             3.20
  273 AFM266vf9   D4S1573           120.30           153.29            87.68
                              0.00             0.00             0.00
  274 AFM186xb4   D4S2937           120.30           153.29            87.68
                              1.31             2.96             0.00
  275 AFM329vg1   D4S1613           121.61           156.25            87.68
                              0.00             0.00             0.00
  276 AFM277ye1   D4S1580           121.61           156.25            87.68
                              0.00             0.00             0.00
  277 ATA25H01    D4S2392           121.61           156.25            87.68
                              0.00             0.00             0.00
  278 AFM203yd4   D4S1550           121.61           156.25            87.68
                              0.00             0.00             0.00
  279 Mfd138      D4S191            121.61           156.25            87.68
                              0.00             0.00             0.00
  280 AFM319yg9   D4S1611           121.61           156.25            87.68
                              1.52             1.85             1.19
  281 UT1337      D4S1522           123.13           158.10            88.87
                              1.32             1.70             0.96
  282 AFM319zc1   D4S1612           124.45           159.80            89.83
                              0.00             0.00             0.00
  283 AFMa046yg1  D4S3024           124.45           159.80            89.83
                              0.00             0.00             0.00
  284 AFM151xc3   D4S402            124.45           159.80            89.83
                              0.00             0.00             0.00
  285 AFM249ve1   D4S427            124.45           159.80            89.83
                              1.70             2.34             0.11
  286 UT1467      D4S1524           126.15           162.14            89.94
                              0.00             0.00             0.52
  287 Mfd146A     D4S194            126.15           162.14            90.46
                              0.00             0.00             0.44
  288 AFMb342xd1  D4S2985           126.15           162.14            90.90
                              0.00             0.00             0.00
  289 GATA30B11   Unknown           126.15           162.14            90.90
                              0.00             0.00             0.00
  290 UT7161      D4S2303           126.15           162.14            90.90
                              0.00             0.00             0.00
  291 AFM260za5   D4S430            126.15           162.14            90.90
                              0.56             0.00             1.06
  292 ATA26F08    D4S2395           126.71           162.14            91.96
                              0.00             0.00             0.00
  293 AFMb320zh5  D4S2975           126.71           162.14            91.96
                              1.60             0.91             2.14
  294 Mfd356      D4S2277           128.31           163.05            94.10
                              0.00             0.16             0.00
  295 AFM336xh5   D4S1615           128.31           163.21            94.10
                              1.07             2.14             0.00
  296 AFMa284wg5  D4S2938           129.38           165.35            94.10
                              0.54             0.00             1.06
  297 GATA10A12   D4S2365           129.92           165.35            95.16
                              0.00             0.00             0.00
* 298 ATA80C09    Unknown           129.92           165.35            95.16
                              0.00             0.00             0.48
  299 UT7651      D4S2307           129.92           165.35            95.64
                              0.00             0.00             0.28
  300 ATA109B04   Unknown           129.92           165.35            95.92
                              1.05             1.07             0.16
  301 UT6123      D4S2286           130.97           166.42            96.08
                              0.03             0.00             0.15
  302 AFM256za9   D4S429            131.00           166.42            96.23
                              1.05             2.13             0.00
  303 AFM268yb1   D4S1575           132.05           168.55            96.23
                              0.00             0.00             0.00
  304 AFM210xe3   D4S2959           132.05           168.55            96.23
                              0.00             0.00             0.00
  305 UT723       D4S2318           132.05           168.55            96.23
                              0.00             0.00             0.00
  306 UT1376      D4S1527           132.05           168.55            96.23
                              0.11             0.22             0.00
* 307 GATA51D07   D4S2420           132.16           168.77            96.23
                              0.56             1.13             0.00
  308 AFMa061za5  D4S3039           132.72           169.90            96.23
                              2.02             4.03             0.00
  309 AFM224xa9   D4S422            134.74           173.93            96.23
                              0.00             0.00             0.00
  310 Mfd38A      D4S175            134.74           173.93            96.23
                              0.00             0.00             0.00
  311 GATA150B10  Unknown           134.74           173.93            96.23
                              0.83             2.12             0.00
  312 AFM273yg9   D4S1576           135.57           176.05            96.23
                              5.07             6.53             3.21
  313 AFM123xa9   D4S397            140.64           182.58            99.44
                              0.00             0.00             0.00
  314 AFM275yc1   D4S1579           140.64           182.58            99.44
                              0.00             0.00             0.00
  315 UT1264      D4S1520           140.64           182.58            99.44
                              0.00             0.00             0.00
  316 AFM220zh2   D4S2972           140.64           182.58            99.44
                              1.60             2.14             0.94
  317 AFMa286xh5  D4S2939           142.24           184.72           100.38
                              0.00             0.00             0.12
  318 AFMb297xa5  D4S2965           142.24           184.72           100.50
                              0.53             1.07             0.00
  319 AFM211zc7   D4S420            142.77           185.79           100.50
                              0.54             0.00             1.07
  320 GATA11E09   D4S1644           143.31           185.79           101.57
                              0.00             0.00             0.00
  321 UT2147      D4S2294           143.31           185.79           101.57
                              0.00             0.00             0.00
  322 Mfd140A     D4S192            143.31           185.79           101.57
                              0.00             0.00             0.00
  323 GATA135E06  Unknown           143.31           185.79           101.57
                              0.53             1.07             0.00
  324 AFM261zg5   D4S1565           143.84           186.86           101.57
                              0.72             2.14             0.00
  325 AFM225xb10  D4S424            144.56           189.00           101.57
                              1.42             0.00             2.13
  326 AFM304wb9   D4S1604           145.98           189.00           103.70
                              0.00             0.00             0.00
  327 AFM031xa7   D4S2927           145.98           189.00           103.70
                              0.00             0.00             0.00
  328 GATA107     D4S1625           145.98           189.00           103.70
                              0.00             0.00             0.00
  329 AFM242ye9   D4S1561           145.98           189.00           103.70
                              0.00             0.00             0.00
  330 AFMa103yc1  D4S3053           145.98           189.00           103.70
                              0.00             0.00             0.00
  331 AFMb361zg5  D4S2998           145.98           189.00           103.70
                              0.00             0.00             0.04
  332 ATA104D10   Unknown           145.98           189.00           103.74
                              0.00             0.00             0.14
  333 AFMb336za9  D4S2981           145.98           189.00           103.88
                              0.00             0.00             0.03
  334 AFM318xg9   D4S1610           145.98           189.00           103.91
                              1.08             1.07             0.86
  335 AFM288vb9   D4S1586           147.06           190.07           104.77
                              0.00             0.00             0.00
  336 AFM337xe9   D4S3014           147.06           190.07           104.77
                              5.92             5.04             2.14
  337 AFMa051yh5  D4S3031           152.98           195.11           106.91
                              0.00             5.05             0.00
  338 AFM294vh5   D4S3008           152.98           200.16           106.91
                              0.00             0.00             0.00
  339 AFMa109xf5  D4S2908           152.98           200.16           106.91
                              0.00             0.00             0.00
  340 AFMb292xb5  D4S2962           152.98           200.16           106.91
                              0.53             0.00             1.06
  341 AFM308zg5   D4S1606           153.51           200.16           107.97
                              0.00             0.00             0.00
  342 AFM200zh12  D4S1548           153.51           200.16           107.97
                              1.12             2.14             0.00
  343 AFMa045wg9  D4S3021           154.63           202.30           107.97
                              0.00             0.00             0.00
  344 FGB         Unknown           154.63           202.30           107.97
                              0.00             0.00             0.00
  345 AFM289yg1   D4S1588           154.63           202.30           107.97
                              0.00             0.00             0.00
  346 AFM045xc1   D4S1549           154.63           202.30           107.97
                              0.56             1.07             0.00
  347 AFMa086zc1  D4S3049           155.19           203.37           107.97
                              0.00             0.00             0.00
  348 AFMb362xc1  D4S2999           155.19           203.37           107.97
                              0.12             0.23             0.00
  349 AFMb325yd5  D4S2976           155.31           203.60           107.97
                              0.10             0.21             0.00
  350 AFMa246xd9  D4S2934           155.41           203.81           107.97
                              0.34             0.63             0.00
  351 GATA72A08   Unknown           155.75           204.44           107.97
                              2.24             2.14             2.68
  352 AFM225zb2   D4S1556           157.99           206.58           110.65
                              0.00             0.00             0.00
  353 AFM284xh1   D4S1585           157.99           206.58           110.65
                              0.00             0.00             0.00
  354 UT443       D4S1498           157.99           206.58           110.65
                              0.00             0.00             0.00
  355 AFM196xe1   D4S413            157.99           206.58           110.65
                              0.00             0.00             0.00
  356 AFMa162te1  D4S2918           157.99           206.58           110.65
                              0.00             0.00             0.00
* 357 GATA8A05    D4S1629           157.99           206.58           110.65
                              0.00             0.00             0.00
  358 AAC1A2      Unknown           157.99           206.58           110.65
                              0.00             0.00             0.00
  359 UT1581      D4S1526           157.99           206.58           110.65
                              0.00             0.00             0.00
  360 AFM290vc5   D4S1589           157.99           206.58           110.65
                              0.00             0.00             0.00
  361 AFMa040zb9  D4S3016           157.99           206.58           110.65
                              0.66             1.25             0.00
* 362 GATA181H10  Unknown           158.65           207.83           110.65
                              0.00             0.00             0.00
  363 Mfd258      D4S1090           158.65           207.83           110.65
                              0.00             0.00             0.00
  364 AFMb337yc1  D4S2982           158.65           207.83           110.65
                              0.00             0.00             0.00
  365 AFM270zg1   D4S2997           158.65           207.83           110.65
                              0.00             0.00             0.00
  366 GATA29G06   D4S2411           158.65           207.83           110.65
                              0.65             1.24             0.00
* 367 GATA51B07   D4S2621           159.30           209.07           110.65
                              0.00             0.00             0.00
  368 AFMb334xb5  D4S2980           159.30           209.07           110.65
                              1.74             3.34             0.00
  369 AFMa054td5  D4S3033           161.04           212.41           110.65
                              0.87             1.66             0.00
  370 AFM296vd1   D4S1598           161.91           214.07           110.65
                              0.00             0.00             0.00
  371 AFMb349zh5  D4S2993           161.91           214.07           110.65
                              0.00             0.00             0.00
  372 UT1394      D4S1528           161.91           214.07           110.65
                              0.00             0.00             0.00
  373 GATA5B09    D4S1653           161.91           214.07           110.65
                              0.00             0.00             0.00
* 374 GATA4C05    D4S1626           161.91           214.07           110.65
                              0.00             0.00             0.00
  375 AFM036xg11  D4S393            161.91           214.07           110.65
                              0.56             1.07             0.00
  376 AFM304vc9   D4S1603           162.47           215.14           110.65
                              0.00             0.00             0.00
  377 AFMa071wg5  D4S3046           162.47           215.14           110.65
                              2.34             3.33             0.88
  378 ATA27E06    D4S2398           164.81           218.47           111.53
                              2.04             2.77             1.82
  379 GATA46B06   D4S3326           166.85           221.24           113.35
                              0.00             0.00             0.00
  380 AFM198yf10  D4S2952           166.85           221.24           113.35
                              0.00             0.00             0.00
  381 Mfd223      D4S1636           166.85           221.24           113.35
                              0.00             0.00             0.00
  382 AFM200vb10  D4S417            166.85           221.24           113.35
                              0.00             0.00             0.00
  383 AFM025xd2   D4S1566           166.85           221.24           113.35
                              0.70             1.43             0.00
  384 GATA30F07   D4S2414           167.55           222.67           113.35
                              0.00             0.00             0.00
* 385 GATA24C03   Unknown           167.55           222.67           113.35
                              0.00             0.00             0.00
  386 Mfd202      D4S349            167.55           222.67           113.35
                              0.00             0.00             0.00
  387 UT7453      D4S2306           167.55           222.67           113.35
                              0.00             0.00             0.00
  388 GATA27G03   D4S2368           167.55           222.67           113.35
                              0.00             0.00             0.00
  389 AFM067xa5   D4S620            167.55           222.67           113.35
                              0.95             1.02             0.90
  390 AFM295xd5   D4S1596           168.50           223.69           114.25
                              0.92             1.13             0.75
  391 AFMb333yh5  D4S2979           169.42           224.82           115.00
                              0.00             0.00             0.00
  392 AFM295ye5   D4S1597           169.42           224.82           115.00
                              1.97             2.68             1.44
  393 GATA64D04   D4S2426           171.39           227.50           116.44
                              0.00             0.00             0.00
  394 AFM142xd6   D4S2910           171.39           227.50           116.44
                              0.12             0.55             0.15
  395 UT1343      D4S2292           171.51           228.05           116.59
                              0.00             0.00             0.12
  396 UT513       D4S1502           171.51           228.05           116.71
                              2.08             3.28             0.09
  397 AFM345wh9   D4S1617           173.59           231.33           116.80
                              0.00             0.00             0.06
  398 AFM198xf10  D4S1545           173.59           231.33           116.86
                              1.31             1.58             0.78
  399 AFM294zh9   D4S1595           174.90           232.91           117.64
                              0.00             0.00             0.00
  400 AFMb349yf9  D4S2992           174.90           232.91           117.64
                              0.72             1.61             0.00
  401 AFMb348yg9  D4S2991           175.62           234.52           117.64
                              0.00             0.00             0.00
  402 GATA2F08    D4S1646           175.62           234.52           117.64
                              0.00             0.00             0.00
  403 ATA11C10    D4S2383           175.62           234.52           117.64
                              0.00             0.00             0.00
  404 UT880       D4S2290           175.62           234.52           117.64
                              0.00             0.00             0.00
  405 AFM070ya9   D4S621            175.62           234.52           117.64
                              0.57             1.07             0.00
  406 AFM185xe1   D4S1539           176.19           235.59           117.64
                              0.00             0.00             0.00
  407 AFMb330zh9  D4S2977           176.19           235.59           117.64
                              0.00             0.44             0.00
  408 GGAA19H07   D4S2431           176.19           236.03           117.64
                              0.00             0.37             0.00
* 409 GATA87H05   D4S2637           176.19           236.40           117.64
                              1.14             0.26             0.22
  410 AFM220za3   D4S1555           177.33           236.66           117.86
                              0.00             0.00             0.22
  411 AFMa049zb5  D4S3028           177.33           236.66           118.08
                              0.00             0.00             0.38
  412 AFMa137yg5  D4S2914           177.33           236.66           118.46
                              0.00             0.00             0.40
  413 AFMa057yd1  D4S3035           177.33           236.66           118.86
                              0.00             0.00             0.00
  414 AFMa051wa9  D4S3030           177.33           236.66           118.86
                              1.33             0.00             3.67
  415 GATA67A08   Unknown           178.66           236.66           122.53
                              1.35             2.26             0.00
  416 UT512       D4S1501           180.01           238.92           122.53
                              1.35             2.09             0.00
  417 AFM210wd2   D4S1552           181.36           241.01           122.53
                              0.00             0.00             0.00
  418 AFM197xa11  D4S415            181.36           241.01           122.53
                              0.28             0.53             0.00
  419 UT1653      D4S1529           181.64           241.54           122.53
                              0.29             0.55             0.00
  420 GATA42H02   D4S2417           181.93           242.09           122.53
                              0.00             0.00             0.00
  421 AFM214xh10  D4S2967           181.93           242.09           122.53
                              1.70             2.13             1.21
  422 AFM031yc7   D4S1537           183.63           244.22           123.74
                              0.00             0.00             0.00
  423 AFMa350xb5  D4S2956           183.63           244.22           123.74
                              0.00             0.00             0.00
  424 AFM310wf5   D4S1607           183.63           244.22           123.74
                              0.57             0.00             1.22
  425 AFM284vh5   D4S1584           184.20           244.22           124.96
                              0.00             0.00             1.22
  426 AFMc021zb5  D4S3005           184.20           244.22           126.18
                              1.08             0.00             0.00
  427 AFM350wd1   D4S3015           185.28           244.22           126.18
                              0.00             0.82             0.00
  428 UT1950      D4S1530           185.28           245.04           126.18
                              0.00             1.30             0.00
  429 AFMa339xe9  D4S2951           185.28           246.34           126.18
                              2.36             0.10             3.10
  430 AFMa062tc9  D4S3041           187.64           246.44           129.28
                              2.38             2.11             1.82
  431 AFMa190wb5  D4S2920           190.02           248.55           131.10
                              0.00             0.00             1.28
  432 AFMa296yd9  D4S2943           190.02           248.55           132.38
                              2.10             0.00             3.67
  433 AFM218yb4   D4S1554           192.12           248.55           136.05
                              1.62             2.88             1.09
  434 AFMa346xf5  D4S2954           193.74           251.43           137.14
                              1.32             1.44             1.08
  435 AFM165xc11  D4S408            195.06           252.87           138.22
                              0.00             0.00             0.00
  436 AFM165zf8   D4S1535           195.06           252.87           138.22
                              0.00             0.00             0.00
  437 GATA136E02  Unknown           195.06           252.87           138.22
                              0.54             1.08             0.00
  438 AFMa071yh9  D4S3047           195.60           253.95           138.22
                              4.33             1.08             7.59
  439 AFMa051zc1  D4S3032           199.93           255.03           145.81
                              0.00             0.00             0.00
  440 AFMa202ze9  D4S2924           199.93           255.03           145.81
                              0.00             0.00             0.00
  441 Mfd22       D4S171            199.93           255.03           145.81
                              0.00             0.00             0.00
  442 UT7035      D4S2287           199.93           255.03           145.81
                              0.00             0.00             0.00
  443 AFM185xf8   D4S1540           199.93           255.03           145.81
                              3.84             2.88             4.86
  444 AFMa099ze1  D4S3051           203.77           257.91           150.67
                              0.00             0.00             0.00
  445 GATA129D03  Unknown           203.77           257.91           150.67
                              3.21             0.94             4.86
  446 AFMa190zf5  D4S2921           206.98           258.85           155.53
                              0.00             0.51             0.00
  447 AFM238ve3   D4S426            206.98           259.36           155.53
                              1.09             0.00             2.20
  448 UT2219      D4S2283           208.07           259.36           157.73
                              0.00             0.00             0.00
  449 D4S187      D4S187            208.07           259.36           157.73
                              0.00             0.00             0.00
  450 UT7694      D4S2688           208.07           259.36           157.73
                              0.00             0.00             0.00
  451 AFMa224xh1  D4S2930           208.07           259.36           157.73
                              0.00             0.00             0.00
  452 UT5785      D4S2299           208.07           259.36           157.73
                              0.00             0.00             0.00
  453 GATA5B02    D4S1652           208.07           259.36           157.73
                              0.00             0.00             0.00
  454 ATA22F02    D4S2390           208.07           259.36           157.73
                              3.58             4.78             2.38
  455 UT1366      D4S1523           211.65           264.14           160.11
