      Marker      Dnumber      sex-ave(cM)      female(cM)        male(cM)

    1 AFM028xb12  D5S392              0.00             0.00             0.00
                              0.00             0.00             0.00
    2 ATA20G07    D5S2488             0.00             0.00             0.00
                              1.72             0.00             3.34
    3 AFMa139ya9  D5S678              1.72             0.00             3.34
                              0.00             0.00             0.00
    4 AFMa217zh1  D5S1981             1.72             0.00             3.34
                              0.00             0.00             0.00
    5 AFMb002xc1  D5S2005             1.72             0.00             3.34
                              3.71             1.54             5.80
    6 AFMa183wh5  D5S1970             5.43             1.54             9.14
                              1.24             0.65             1.93
    7 AFM205wh8   D5S417              6.67             2.19            11.07
                              1.10             1.09             1.10
    8 GATA145D10  D5S2849             7.77             3.28            12.17
                              0.00             0.00             0.00
    9 AFMa217yh1  D5S1980             7.77             3.28            12.17
                              1.64             1.09             2.19
   10 AFM336tc1   D5S675              9.41             4.37            14.36
                              0.00             0.00             0.00
   11 AFMa050zd9  D5S2088             9.41             4.37            14.36
                              0.00             0.00             0.00
   12 AFM154xa3   D5S405              9.41             4.37            14.36
                              0.00             0.00             0.00
   13 UT5058      D5S593              9.41             4.37            14.36
                              0.00             0.00             0.00
   14 GATA31H11   D5S1492             9.41             4.37            14.36
                              2.44             3.25             1.64
   15 AFM154xg3   D5S406             11.85             7.62            16.00
                              2.45             3.26             1.63
   16 AFMb355wb1  D5S2054            14.30            10.88            17.63
                              0.00             0.00             0.00
   17 GATA84E11   D5S2505            14.30            10.88            17.63
                              0.00             0.00             0.00
   18 UT1993      D5S1390            14.30            10.88            17.63
                              0.00             0.00             0.00
   19 AFM112xe3   D5S464             14.30            10.88            17.63
                              0.49             0.00             0.89
   20 GAAT1A12    D5S1455            14.79            10.88            18.52
                              0.12             0.00             0.19
   21 AFM276yb9   D5S635             14.91            10.88            18.71
                              1.81             0.48             2.13
   22 AFM347yg9   D5S676             16.72            11.36            20.84
                              0.00             1.63             0.00
   23 AFMa108wb1  D5S1953            16.72            12.99            20.84
                              0.41             0.03             0.49
   24 D5S90       D5S90              17.13            13.02            21.33
                              0.40             0.03             0.52
   25 UT778       D5S1348            17.53            13.05            21.85
                              0.34             0.00             0.62
   26 UT615       D5S580             17.87            13.05            22.47
                              1.15             0.00             1.62
   27 AFMa124wg5  D5S1957            19.02            13.05            24.09
                              0.00             0.00             0.00
   28 GATA3A04    D5S807             19.02            13.05            24.09
                              0.65             2.10             0.00
   29 AFM268zd9   D5S630             19.67            15.15            24.09
                              0.00             0.00             0.00
   30 AFMa204ze1  D5S1976            19.67            15.15            24.09
                              0.00             0.00             0.00
   31 AFMa055zd9  D5S2095            19.67            15.15            24.09
                              0.00             0.00             0.00
   32 AFMc022ya5  D5S2064            19.67            15.15            24.09
                              1.43             0.00             2.13
   33 GATA21F08   D5S1486            21.10            15.15            26.22
                              0.71             2.14             0.00
   34 AFM042xa11  D5S457             21.81            17.29            26.22
                              0.00             0.00             0.00
   35 AFMa352yg5  D5S2004            21.81            17.29            26.22
                              0.53             1.06             0.00
   36 AFMa240xf9  D5S1987            22.34            18.35            26.22
                              0.00             0.00             0.00
   37 AFM318zh5   D5S667             22.34            18.35            26.22
                              0.00             0.00             0.00
   38 Mfd48A      D5S117             22.34            18.35            26.22
                              0.01             0.00             0.54
   39 Mfd88A      D5S208             22.35            18.35            26.76
                              0.53             0.00             0.53
   40 GATA3E10    D5S817             22.88            18.35            27.29
                              0.00             0.00             0.26
   41 AFM255xb9   D5S432             22.88            18.35            27.55
                              1.60             1.98             0.81
   42 Mfd317      D5S810             24.48            20.33            28.36
                              0.00             0.08             0.00
   43 AFM179xd10  D5S478             24.48            20.41            28.36
                              0.00             0.08             0.00
   44 AFM347ta5   D5S2081            24.48            20.49            28.36
                              0.00             0.00             0.00
   45 UT1347      D5S611             24.48            20.49            28.36
                              2.25             3.20             1.42
   46 AFMa282wa5  D5S1991            26.73            23.69            29.78
                              1.49             0.00             2.86
   47 AFMa114xf9  D5S1954            28.22            23.69            32.64
                              0.00             0.00             0.00
   48 AFMa247wc1  D5S1989            28.22            23.69            32.64
                              0.54             0.00             1.07
   49 AFMa140vd1  D5S1963            28.76            23.69            33.71
                              0.00             0.00             0.00
   50 AFM205wh10  D5S416             28.76            23.69            33.71
                              0.00             0.00             0.00
   51 AFMa285zd1  D5S1992            28.76            23.69            33.71
                              0.76             1.60             0.00
   52 AFMa090yh5  D5S2114            29.52            25.29            33.71
                              0.99             1.60             0.00
   53 AFMa302wc9  D5S1997            30.51            26.89            33.71
                              1.27             0.00             2.68
   54 AFM206zc1   D5S486             31.78            26.89            36.39
                              1.26             0.00             2.69
   55 D5S268      D5S268             33.04            26.89            39.08
                              0.00             0.00             0.00
   56 UT5234      D5S1380            33.04            26.89            39.08
                              0.00             0.00             0.00
   57 GATA135G01  Unknown            33.04            26.89            39.08
                              0.00             0.00             0.00
   58 AFM105xg1   D5S2096            33.04            26.89            39.08
                              3.21             1.06             5.35
   59 GATA134B03  D5S2845            36.25            27.95            44.43
                              0.00             0.00             0.00
   60 AFM324vc5   D5S2074            36.25            27.95            44.43
                              0.00             0.00             0.00
   61 UT890       D5S590             36.25            27.95            44.43
                              0.00             0.00             0.00
   62 GGAA11C04   D5S1473            36.25            27.95            44.43
                              0.00             0.00             0.00
   63 AFMb312xh5  D5S2031            36.25            27.95            44.43
                              0.00             0.00             0.00
   64 AFM193xe11  D5S411             36.25            27.95            44.43
                              0.00             0.78             0.00
   65 AFM308vf9   D5S655             36.25            28.73            44.43
                              1.07             0.29             0.00
*  66 GATA11G08   D5S813             37.32            29.02            44.43
                              2.14             0.00             5.35
   67 AFMa084zc1  D5S2113            39.46            29.02            49.78
                              0.00             0.00             0.00
   68 AFM292yg5   D5S648             39.46            29.02            49.78
                              0.00             0.00             0.00
   69 AFM242yc1   D5S502             39.46            29.02            49.78
                              0.00             0.00             0.00
   70 GATA12A08   D5S814             39.46            29.02            49.78
                              0.53             1.07             0.00
   71 AFM207yc1   D5S419             39.99            30.09            49.78
                              0.00             0.00             0.00
   72 GGAT3H04    D5S821             39.99            30.09            49.78
                              0.00             0.00             0.00
   73 GATA145D09  D5S2848            39.99            30.09            49.78
                              0.00             0.00             0.00
   74 AFM217ye1   D5S627             39.99            30.09            49.78
                              0.00             0.00             0.00
   75 Mfd234      D5S385             39.99            30.09            49.78
                              0.00             0.00             0.00
   76 GATA52G02   D5S1502            39.99            30.09            49.78
                              1.07             2.13             0.00
   77 UT5148      Unknown            41.06            32.22            49.78
                              0.00             0.00             0.00
   78 AFMc011xb1  D5S2061            41.06            32.22            49.78
                              0.00             0.00             0.00
   79 GATA85C07   Unknown            41.06            32.22            49.78
                              0.00             0.00             0.00
   80 ATA60G03    Unknown            41.06            32.22            49.78
                              0.00             0.00             0.00
   81 GATA5C10    D5S819             41.06            32.22            49.78
                              0.00             0.00             0.00
   82 AFM311vb9   D5S661             41.06            32.22            49.78
                              0.00             2.02             0.00
   83 Mfd34       D5S108             41.06            34.24            49.78
                              3.67             2.04             3.19
   84 AFMa238za9  D5S1986            44.73            36.28            52.97
                              0.61             1.34             0.00
   85 AFM177xb4   D5S477             45.34            37.62            52.97
                              0.00             0.00             0.00
   86 UT1273      D5S1350            45.34            37.62            52.97
                              0.00             0.00             0.00
   87 GATA7C06    D5S1470            45.34            37.62            52.97
                              0.00             0.00             0.00
   88 AFM277yh9   D5S2062            45.34            37.62            52.97
                              0.00             0.00             0.00
   89 AFMa286ya9  D5S1993            45.34            37.62            52.97
                              0.88             1.75             0.00
   90 ATA73E10    Unknown            46.22            39.37            52.97
                              0.87             1.75             0.00
   91 Mfd40       D5S111             47.09            41.12            52.97
                              0.00             0.00             0.00
   92 AFM331ze9   D5S674             47.09            41.12            52.97
                              0.00             0.00             0.00
   93 AFM302wd5   D5S651             47.09            41.12            52.97
                              0.00             0.00             0.00
   94 AFMa297wa5  D5S1996            47.09            41.12            52.97
                              0.00             0.00             0.00
   95 GATA147G01  Unknown            47.09            41.12            52.97
                              0.00             0.00             0.00
   96 UT716       D5S583             47.09            41.12            52.97
                              2.45             4.96             0.00
   97 GATA63C02   Unknown            49.54            46.08            52.97
                              2.45             4.96             0.00
   98 AFM238we11  D5S426             51.99            51.04            52.97
                              0.00             0.00             0.00
   99 AFM311wh9   D5S663             51.99            51.04            52.97
                              0.00             0.00             0.00
  100 AFM270ve9   D5S631             51.99            51.04            52.97
                              0.00             0.00             0.00
  101 AFMa286ze9  D5S1994            51.99            51.04            52.97
                              0.00             0.00             0.00
  102 AFM220xh12  D5S493             51.99            51.04            52.97
                              0.56             1.12             0.00
  103 AFMb297za5  D5S2025            52.55            52.16            52.97
                              0.00             0.00             0.00
  104 AFMa066wg5  D5S2101            52.55            52.16            52.97
                              0.00             0.00             0.00
  105 AFMa046xg9  D5S2085            52.55            52.16            52.97
                              0.00             0.00             0.00
  106 AFM063yb6   D5S395             52.55            52.16            52.97
                              0.00             0.00             0.00
  107 AFM016yg5   D5S455             52.55            52.16            52.97
                              0.68             1.35             0.00
  108 AFM044xa3   D5S1998            53.23            53.51            52.97
                              0.44             0.90             0.00
  109 AFMb290yf1  D5S2023            53.67            54.41            52.97
                              1.12             1.13             0.76
  110 AFM155xh12  D5S1964            54.79            55.54            53.73
                              0.00             0.00             0.31
  111 AFMb285xc9  D5S2021            54.79            55.54            54.04
                              0.00             0.00             0.00
  112 AFMa074yg5  D5S2105            54.79            55.54            54.04
                              2.51             5.11             0.00
  113 GATA30D08   D5S1490            57.30            60.65            54.04
                              0.00             0.00             0.00
  114 UT5005      D5S1376            57.30            60.65            54.04
                              1.25             2.52             0.00
  115 AFMb285yd9  D5S2022            58.55            63.17            54.04
                              0.00             0.00             0.00
  116 AFM205zh4   D5S418             58.55            63.17            54.04
                              0.36             0.63             0.00
  117 GATA32A11   Unknown            58.91            63.80            54.04
                              0.39             0.89             0.00
* 118 GATA21D04   D5S1457            59.30            64.69            54.04
                              0.00             0.00             0.00
  119 AFM242xc5   D5S501             59.30            64.69            54.04
                              0.00             0.00             0.00
  120 ATA23F04    D5S2489            59.30            64.69            54.04
                              0.00             0.00             0.00
  121 AFM248wd5   D5S430             59.30            64.69            54.04
                              0.55             1.12             0.00
  122 AFM309vd9   D5S660             59.85            65.81            54.04
                              0.00             0.00             0.00
  123 AFMa047zh1  D5S2086            59.85            65.81            54.04
                              0.00             0.00             0.00
  124 AFM316yh5   D5S665             59.85            65.81            54.04
                              0.00             0.00             0.00
  125 AFM224zh2   D5S822             59.85            65.81            54.04
                              0.00             0.00             0.00
  126 AFM122xe5   D5S466             59.85            65.81            54.04
                              0.00             0.00             0.00
  127 AFMc019wf9  D5S2063            59.85            65.81            54.04
                              0.00             0.00             0.00
  128 AFM207yg5   D5S420             59.85            65.81            54.04
                              0.00             0.00             0.00
  129 UT516       D5S577             59.85            65.81            54.04
                              0.00             0.00             0.00
  130 AFMa049vh1  D5S2087            59.85            65.81            54.04
                              0.00             0.00             0.00
  131 AFMb319wh1  D5S2035            59.85            65.81            54.04
                              0.00             0.00             0.00
  132 UT1621      D5S1388            59.85            65.81            54.04
                              0.00             0.00             0.00
  133 UT7924      D5S1405            59.85            65.81            54.04
                              0.00             0.00             0.00
  134 UT5795      D5S1395            59.85            65.81            54.04
                              0.00             0.00             0.00
  135 AFM276vb1   D5S634             59.85            65.81            54.04
                              0.00             0.00             0.00
  136 AFMa074zh9  D5S2106            59.85            65.81            54.04
                              0.00             0.00             0.00
  137 AFMa124za5  D5S1958            59.85            65.81            54.04
                              1.07             2.14             0.00
  138 AFMa154zg9  D5S1968            60.92            67.95            54.04
                              0.00             0.00             0.00
  139 AFM207yg11  D5S623             60.92            67.95            54.04
                              0.00             0.00             0.00
  140 AFMa162yd5  D5S1969            60.92            67.95            54.04
                              0.00             0.00             0.00
  141 AFMb322wc9  D5S2037            60.92            67.95            54.04
                              0.00             0.00             0.00
  142 AFM348tf5   D5S2082            60.92            67.95            54.04
                              0.00             0.00             0.00
  143 AFMa053yc1  D5S2092            60.92            67.95            54.04
                              0.00             0.00             0.00
  144 UT6396      D5S1355            60.92            67.95            54.04
                              0.00             0.00             0.00
  145 AFM254wf1   D5S628             60.92            67.95            54.04
                              0.00             0.00             0.00
  146 GATA167A04  Unknown            60.92            67.95            54.04
                              1.34             2.88             0.00
  147 AFM329yb9   D5S2076            62.26            70.83            54.04
                              1.34             1.43             1.07
  148 AFMa152te5  D5S1966            63.60            72.26            55.11
                              0.00             0.00             0.00
  149 AFM289zg9   D5S2068            63.60            72.26            55.11
                              0.00             0.00             0.00
  150 AFM311yd1   D5S664             63.60            72.26            55.11
                              0.00             0.00             0.00
  151 AFM289wf9   D5S645             63.60            72.26            55.11
                              0.00             0.00             0.00
  152 AFM164yg5   D5S474             63.60            72.26            55.11
                              0.54             1.08             0.00
  153 AFM274xa5   D5S633             64.14            73.34            55.11
                              0.53             1.07             0.00
  154 AFM086xc1   D5S461             64.67            74.41            55.11
                              0.00             0.00             0.00
  155 AFM163xa11  D5S407             64.67            74.41            55.11
                              2.14             4.30             0.00
  156 AFM218xf12  D5S491             66.81            78.71            55.11
                              0.00             0.00             0.00
  157 GGAT1D10    Unknown            66.81            78.71            55.11
                              0.00             0.00             0.00
  158 AFMa066zh9  D5S2102            66.81            78.71            55.11
                              1.22             2.62             0.00
  159 AFM095zb7   D5S398             68.03            81.33            55.11
                              0.00             0.00             0.00
  160 GATA23C05   D5S1715            68.03            81.33            55.11
                              0.60             1.32             0.00
  161 AFMa081tg1  D5S2107            68.63            82.65            55.11
                              0.00             0.00             0.00
  162 AFMb306ya5  D5S2028            68.63            82.65            55.11
                              0.60             0.00             1.06
  163 AFM164zc5   D5S616             69.23            82.65            56.17
                              0.00             0.00             0.00
  164 AFM254yb5   D5S431             69.23            82.65            56.17
                              0.00             0.00             0.00
  165 GATA67D03   D5S2500            69.23            82.65            56.17
                              0.00             0.00             0.00
  166 AFM238xa3   D5S427             69.23            82.65            56.17
                              0.00             0.00             0.00
  167 GGAA9A12    D5S1474            69.23            82.65            56.17
                              0.00             0.00             0.00
  168 AFM136ye7   D5S468             69.23            82.65            56.17
                              0.00             0.00             0.00
  169 AFMb077we1  D5S2018            69.23            82.65            56.17
                              0.00             0.00             0.00
  170 AFM308wa5   D5S2071            69.23            82.65            56.17
                              0.00             0.00             0.00
  171 AFM207yh2   D5S624             69.23            82.65            56.17
                              0.00             0.00             0.00
  172 AFM345ve5   D5S2080            69.23            82.65            56.17
                              0.00             0.00             0.00
  173 AFMa053ya9  D5S2091            69.23            82.65            56.17
                              0.00             0.00             0.00
  174 AFMa337zg5  D5S2000            69.23            82.65            56.17
                              0.61             1.31             0.00
  175 AFMa247yh9  D5S1990            69.84            83.96            56.17
                              0.60             1.31             0.00
  176 Mfd300      D5S1359            70.44            85.27            56.17
                              0.00             0.00             0.00
  177 AFMa115zd9  D5S1956            70.44            85.27            56.17
                              0.00             0.00             0.00
  178 GATA176H09  Unknown            70.44            85.27            56.17
                              0.00             0.00             0.54
  179 AFM319yc1   D5S668             70.44            85.27            56.71
                              0.00             0.00             0.53
* 180 UT5162      D5S1344            70.44            85.27            57.24
                              0.00             0.00             0.61
  181 UT5091      D5S1345            70.44            85.27            57.85
                              2.91             3.93             0.47
  182 AFMb341zc1  D5S2048            73.35            89.20            58.32
                              0.00             0.00             0.00
  183 UT795       D5S586             73.35            89.20            58.32
                              0.00             0.00             0.00
  184 AFM312zh5   D5S2072            73.35            89.20            58.32
                              0.00             0.00             0.00
  185 UT889       D5S589             73.35            89.20            58.32
                              0.00             0.00             0.00
  186 AFMa052tb9  D5S2089            73.35            89.20            58.32
                              0.72             0.60             0.00
  187 AFMa103zb9  D5S2121            74.07            89.80            58.32
                              0.00             0.72             0.00
  188 AFM292ve1   D5S647             74.07            90.52            58.32
                              0.61             1.32             0.00
  189 AFMb320wh1  D5S2036            74.68            91.84            58.32
                              0.00             0.00             0.00
  190 AFMb336yd5  D5S2046            74.68            91.84            58.32
                              1.21             2.63             0.00
  191 AFMb281yb9  D5S2019            75.89            94.47            58.32
                              0.00             0.00             0.00
  192 AFM281yh9   D5S637             75.89            94.47            58.32
                              0.00             0.00             0.00
  193 AFMa154ze5  D5S1967            75.89            94.47            58.32
                              0.00             0.00             0.00
  194 GATA30E05   Unknown            75.89            94.47            58.32
                              0.00             0.00             0.00
  195 GATA141B10  Unknown            75.89            94.47            58.32
                              0.00             0.00             0.00
  196 AFM265wf5   D5S629             75.89            94.47            58.32
                              0.00             1.86             0.00
  197 AFMa312zf5  D5S1999            75.89            96.33            58.32
                              2.42             2.10             1.06
  198 AFMa348wd1  D5S2003            78.31            98.43            59.38
                              0.00             0.00             0.00
  199 AFMb330zg5  D5S2042            78.31            98.43            59.38
                              0.00             0.00             0.00
  200 UT1518      D5S1351            78.31            98.43            59.38
                              0.00             0.00             0.00
  201 AFMa245we9  D5S1988            78.31            98.43            59.38
                              0.00             0.00             0.00
  202 AFMa222wd1  D5S1982            78.31            98.43            59.38
                              0.00             0.00             0.00
  203 AFMa104xd9  D5S2122            78.31            98.43            59.38
                              0.00             0.00             0.00
  204 AFM294wd1   D5S650             78.31            98.43            59.38
                              0.00             1.82             0.00
  205 UT7783      D5S1404            78.31           100.25            59.38
                              2.91             2.18             2.13
  206 AFMa204zf1  D5S1977            81.22           102.43            61.51
                              0.73             0.61             0.00
  207 AFM214zg9   D5S424             81.95           103.04            61.51
                              0.00             0.28             0.00
  208 Mfd151A     D5S357             81.95           103.32            61.51
                              0.00             0.28             0.00
  209 AFMb330yd9  D5S2041            81.95           103.60            61.51
                              0.00             0.15             0.00
  210 AFMa137zf1  D5S1962            81.95           103.75            61.51
                              1.32             2.61             0.00
  211 AFM290vf5   D5S646             83.27           106.36            61.51
                              1.98             3.92             0.00
  212 UT6142      D5S1397            85.25           110.28            61.51
                              0.00             0.00             0.00
  213 GATA52A12   D5S1501            85.25           110.28            61.51
                              1.01             1.75             0.00
  214 AFM324wh1   D5S672             86.26           112.03            61.51
                              3.04             3.98             3.26
  215 AFM-cack    Unknown            89.30           116.01            64.77
                              3.08             1.78             3.25
  216 UT717       D5S1347            92.38           117.79            68.02
                              0.00             0.55             0.00
* 217 AFM284vd1   D5S641             92.38           118.34            68.02
                              0.00             0.00             0.00
  218 AFM214xe9   D5S626             92.38           118.34            68.02
                              0.00             0.00             0.00
  219 AFM200wa5   D5S620             92.38           118.34            68.02
                              0.00             0.00             0.00
  220 AFM286wf1   D5S2067            92.38           118.34            68.02
                              0.00             0.00             0.00
  221 AFM353tb9   D5S2083            92.38           118.34            68.02
                              0.00             0.00             0.00
  222 GATA142H05  Unknown            92.38           118.34            68.02
                              0.00             0.00             0.00
  223 AFMb307yd5  D5S2029            92.38           118.34            68.02
                              1.21             1.30             1.06
  224 AFMa125wf5  D5S1959            93.59           119.64            69.08
                              0.00             0.00             0.00
  225 AFMa055td9  D5S2094            93.59           119.64            69.08
                              1.21             2.61             0.00
* 226 GATA91E02   D5S1726            94.80           122.25            69.08
                              0.11             0.00             0.15
  227 GATA23G12   D5S1459            94.91           122.25            69.23
                              0.18             0.00             0.29
  228 AFM284we5   D5S1948            95.09           122.25            69.52
                              0.16             0.00             0.36
* 229 GATA27A06   D5S1716            95.25           122.25            69.88
                              0.15             0.00             0.27
  230 Mfd27A      D5S107             95.40           122.25            70.15
                              0.00             0.00             0.00
  231 GATA26G01   Unknown            95.40           122.25            70.15
                              0.00             0.00             0.00
  232 AFM190xc11  D5S617             95.40           122.25            70.15
                              0.00             0.00             0.00
  233 AFM238xf4   D5S428             95.40           122.25            70.15
                              1.81             0.00             3.21
  234 GATA3G10    Unknown            97.21           122.25            73.36
                              0.00             0.00             0.00
  235 AFM063ya5   D5S459             97.21           122.25            73.36
                              0.61             0.00             1.06
  236 AFM116xe1   D5S401             97.82           122.25            74.42
                              0.00             0.00             0.00
  237 GATA89G08   D5S1725            97.82           122.25            74.42
                              0.00             0.33             0.00
  238 GATA83C12   D5S1722            97.82           122.58            74.42
                              0.00             0.28             0.00
  239 GATA156G02  Unknown            97.82           122.86            74.42
                              0.00             0.14             0.00
  240 AFMa070tf5  D5S2103            97.82           123.00            74.42
                              1.60             0.06             2.14
  241 ATA3F07     D5S1452            99.42           123.06            76.56
                              0.00             0.26             0.00
  242 GATA41D11   D5S1463            99.42           123.32            76.56
                              0.00             0.00             0.00
  243 AFMb332ze5  D5S2044            99.42           123.32            76.56
                              0.00             0.00             0.00
  244 AFM198wg9   D5S618             99.42           123.32            76.56
                              0.00             0.77             0.00
  245 AFM211yh6   D5S488             99.42           124.09            76.56
                              1.60             0.76             1.06
  246 AFMa065xd9  D5S2100           101.02           124.85            77.62
                              0.00             0.63             0.00
  247 GATA12G02   D5S815            101.02           125.48            77.62
                              1.60             2.14             0.45
  248 GATA61C02   Unknown           102.62           127.62            78.07
                              0.00             0.00             0.62
  249 GATA5F09    Unknown           102.62           127.62            78.69
                              2.14             3.21             1.07
  250 AFM288va9   D5S644            104.76           130.83            79.76
                              0.53             0.00             1.07
  251 AFM203va3   D5S484            105.29           130.83            80.83
                              0.00             0.00             0.00
  252 UT2419      D5S1393           105.29           130.83            80.83
                              0.00             0.00             0.00
  253 GATA3H06    D5S1462           105.29           130.83            80.83
                              0.00             0.00             0.00
  254 AFM302yg5   D5S652            105.29           130.83            80.83
                              2.78             1.10             4.54
* 255 GATA48A11   Unknown           108.07           131.93            85.37
                              0.00             0.00             0.00
  256 AFM234vc1   D5S495            108.07           131.93            85.37
                              0.00             0.00             0.00
  257 AFM344tf9   D5S2079           108.07           131.93            85.37
                              0.00             0.00             0.00
  258 GATA61B11   D5S1503           108.07           131.93            85.37
                              1.56             1.37             0.76
  259 AFM022te3   D5S456            109.63           133.30            86.13
                              0.00             0.00             1.03
  260 UT679       D5S1373           109.63           133.30            87.16
                              0.00             0.00             0.49
  261 AFM184yb6   D5S409            109.63           133.30            87.65
                              2.34             4.14             0.00
  262 UT975       D5S1346           111.97           137.44            87.65
                              0.00             0.00             0.00
  263 AFM273yf1   D5S433            111.97           137.44            87.65
                              0.00             0.00             0.00
  264 AFM268vb1   D5S505            111.97           137.44            87.65
                              0.55             1.10             0.00
  265 AFM072zf7   D5S460            112.52           138.54            87.65
                              0.00             0.00             0.00
  266 GATA73F06   D5S1721           112.52           138.54            87.65
                              0.00             0.00             0.00
  267 AFM304zb5   D5S654            112.52           138.54            87.65
                              0.00             0.00             0.00
  268 AFM321yb5   D5S669            112.52           138.54            87.65
                              0.56             0.00             1.14
  269 AFM205yb10  D5S485            113.08           138.54            88.79
                              1.67             2.21             0.00
  270 AFM164zg5   D5S475            114.75           140.75            88.79
                              0.00             0.00             0.00
* 271 ATA4F06     Unknown           114.75           140.75            88.79
                              0.00             0.00             2.26
  272 AFM358tb5   D5S2084           114.75           140.75            91.05
                              2.23             3.30             0.00
  273 AFMb352ze1  D5S2051           116.98           144.05            91.05
                              0.00             0.00             0.00
  274 AFM220xg9   D5S492            116.98           144.05            91.05
                              0.00             0.00             0.00
  275 GATA68A03   D5S2501           116.98           144.05            91.05
                              0.53             1.57             0.00
  276 GATA49C05   D5S1466           117.51           145.62            91.05
                              1.99             3.69             0.00
  277 AFMb304xb5  D5S2027           119.50           149.31            91.05
                              0.00             0.66             0.00
  278 AFMa143xe5  D5S1965           119.50           149.97            91.05
                              2.51             1.94             2.26
  279 AFMc031xb5  D5S2065           122.01           151.91            93.31
                              0.00             0.00             0.00
  280 AFM210vd6   D5S421            122.01           151.91            93.31
                              0.00             0.00             0.00
  281 AFMa342yf5  D5S2001           122.01           151.91            93.31
                              0.00             0.00             0.00
  282 AFM308wa9   D5S656            122.01           151.91            93.31
                              0.00             0.00             0.00
  283 AFM309vd5   D5S659            122.01           151.91            93.31
                              1.44             0.00             2.27
* 284 GATA73D11   D5S1720           123.45           151.91            95.58
                              0.00             0.73             0.00
  285 AFM212yb8   D5S489            123.45           152.64            95.58
                              0.00             0.82             0.00
  286 ATA27B09    D5S1484           123.45           153.46            95.58
                              1.02             0.67             0.49
  287 GATA130E01  Unknown           124.47           154.13            96.07
                              1.44             2.21             0.64
  288 AFMb355wf5  D5S2055           125.91           156.34            96.71
                              0.68             1.40             0.00
  289 GATA50C10   Unknown           126.59           157.74            96.71
                              1.34             1.39             1.14
  290 AFM220yg5   D5S494            127.93           159.13            97.85
                              0.00             0.00             0.00
  291 AFM144yf4   D5S404            127.93           159.13            97.85
                              0.00             0.00             0.00
  292 AFM283vb9   D5S639            127.93           159.13            97.85
                              1.34             2.78             0.00
  293 ATA24E05    Unknown           129.27           161.91            97.85
                              0.56             1.11             0.00
  294 AFM249tc1   D5S503            129.83           163.02            97.85
                              0.00             0.00             0.00
* 295 GATA62A04   D5S1505           129.83           163.02            97.85
                              0.00             0.00             0.00
  296 UT5263      D5S1384           129.83           163.02            97.85
                              0.00             0.00             0.00
  297 ATA21C09    D5S1478           129.83           163.02            97.85
                              0.00             0.00             0.00
  298 ATA73A02    Unknown           129.83           163.02            97.85
                              0.00             0.00             0.00
  299 AFM151xe7   D5S471            129.83           163.02            97.85
                              0.55             0.00             1.13
  300 AFM205zd4   D5S622            130.38           163.02            98.98
                              0.00             0.00             0.00
  301 AFM308xf1   D5S657            130.38           163.02            98.98
                              0.00             0.00             0.00
  302 ATA42D11    Unknown           130.38           163.02            98.98
                              0.56             1.10             0.00
  303 AFMa202zg5  D5S1975           130.94           164.12            98.98
                              0.00             0.00             0.00
  304 AFMb283zd1  D5S2020           130.94           164.12            98.98
                              0.00             0.00             0.00
* 305 GATA70D09   Unknown           130.94           164.12            98.98
                              0.00             0.00             0.00
  306 AFM303tc9   D5S2070           130.94           164.12            98.98
                              0.54             0.00             1.06
  307 AFMa060tf1  D5S2098           131.48           164.12           100.04
                              0.00             0.00             0.00
  308 AFM127xd10  D5S467            131.48           164.12           100.04
                              0.00             0.00             0.00
  309 AFMb329zb1  D5S2039           131.48           164.12           100.04
                              2.17             0.41             2.14
  310 AFMc006xf9  D5S2059           133.65           164.53           102.18
                              0.00             0.44             0.00
  311 GATA46H11   D5S1495           133.65           164.97           102.18
                              0.00             0.72             0.00
  312 UT2422      D5S615            133.65           165.69           102.18
                              0.00             0.65             0.00
  313 AFM292ze9   D5S649            133.65           166.34           102.18
                              0.00             0.00             0.00
  314 Mfd247      D5S809            133.65           166.34           102.18
                              0.00             0.00             0.00
  315 GATA5G04    D5S804            133.65           166.34           102.18
                              0.00             0.00             0.00
  316 AFM214yg1   D5S490            133.65           166.34           102.18
                              1.07             1.06             1.06
  317 AFM343xd1   D5S2078           134.72           167.40           103.24
                              0.00             0.00             0.00
  318 AFM286xg9   D5S642            134.72           167.40           103.24
                              0.53             0.00             1.07
  319 AFMa103za9  D5S2120           135.25           167.40           104.31
                              0.00             0.00             0.00
  320 AFM317xf5   D5S666            135.25           167.40           104.31
                              0.00             0.00             0.00
  321 AFMc003xe9  D5S2057           135.25           167.40           104.31
                              0.00             0.00             0.00
  322 AFMa082wg1  D5S2110           135.25           167.40           104.31
                              0.00             0.00             0.38
  323 AFMa231wb1  D5S1984           135.25           167.40           104.69
                              1.08             1.08             0.49
  324 AFMa343zg9  D5S2002           136.33           168.48           105.18
                              1.06             1.07             0.50
  325 AFMb354zc9  D5S2053           137.39           169.55           105.68
                              0.00             0.00             0.45
  326 GATA51D11   D5S2497           137.39           169.55           106.13
                              0.00             0.00             0.32
  327 AFMa102zg1  D5S2117           137.39           169.55           106.45
                              0.00             0.00             0.00
  328 GGAT2C08    Unknown           137.39           169.55           106.45
                              0.07             0.04             0.00
  329 Mfd213      D5S808            137.46           169.59           106.45
                              0.29             0.66             0.00
  330 UT2042      D5S1391           137.75           170.25           106.45
                              0.20             0.41             0.00
  331 AFMa290we5  D5S1995           137.95           170.66           106.45
                              0.69             0.00             1.07
  332 AFMa102wc5  D5S2115           138.64           170.66           107.52
                              0.69             1.47             0.00
  333 GATA2H09    D5S816            139.33           172.13           107.52
                              0.00             0.00             0.00
  334 SE9         Unknown           139.33           172.13           107.52
                              0.00             0.00             0.00
  335 IL9         Unknown           139.33           172.13           107.52
                              0.00             0.00             0.00
  336 AFMb355yc5  D5S2056           139.33           172.13           107.52
                              0.00             0.00             0.00
  337 AFM066xf11  D5S396            139.33           172.13           107.52
                              0.00             0.00             0.00
  338 AFM042xf8   D5S458            139.33           172.13           107.52
                              1.39             2.97             0.00
  339 AFM042xd12  D5S393            140.72           175.10           107.52
                              0.00             0.00             0.00
  340 UT5106      D5S594            140.72           175.10           107.52
                              0.00             0.00             0.00
  341 AFM108xe3   D5S399            140.72           175.10           107.52
                              0.00             0.00             0.00
  342 AFM176xa7   D5S476            140.72           175.10           107.52
                              0.00             0.00             0.00
  343 UT520       D5S1372           140.72           175.10           107.52
                              0.00             0.00             0.00
  344 UT1442      D5S1766           140.72           175.10           107.52
                              0.00             0.00             0.00
  345 AFM240xg3   D5S500            140.72           175.10           107.52
                              0.00             0.00             0.00
  346 UT819       D5S1375           140.72           175.10           107.52
                              0.55             1.11             0.00
  347 AFM196xc7   D5S479            141.27           176.21           107.52
                              0.55             1.12             0.00
  348 AFM200ya9   D5S414            141.82           177.33           107.52
                              0.00             0.00             0.00
  349 AFMa224yb1  D5S1983           141.82           177.33           107.52
                              1.10             2.22             0.00
  350 GTAT1B03    Unknown           142.92           179.55           107.52
                              0.00             0.00             0.00
  351 UT771       Unknown           142.92           179.55           107.52
                              0.00             0.00             0.00
  352 AFM308za9   D5S658            142.92           179.55           107.52
                              0.00             0.00             0.00
  353 AFMb021zc1  D5S2009           142.92           179.55           107.52
                              0.00             0.00             0.00
  354 AFMa102zf1  D5S2116           142.92           179.55           107.52
                              1.14             2.22             0.00
  355 AFMa103wc9  D5S2119           144.06           181.77           107.52
                              0.00             0.00             0.00
  356 AFMa217xd1  D5S1979           144.06           181.77           107.52
                              0.00             0.00             0.00
  357 AFMb026xg9  D5S2011           144.06           181.77           107.52
                              0.00             0.00             0.00
  358 AFM203ye7   D5S2010           144.06           181.77           107.52
                              1.15             2.23             0.00
  359 AFMb074xg1  D5S2017           145.21           184.00           107.52
                              1.52             0.61             1.19
  360 GATA149H04  Unknown           146.73           184.61           108.71
                              0.00             1.07             0.00
  361 AFMa190xb1  D5S1972           146.73           185.68           108.71
                              0.76             1.67             0.00
  362 AFM127xh4   D5S402            147.49           187.35           108.71
                              0.00             0.00             0.00
  363 AFM263wg5   D5S436            147.49           187.35           108.71
                              0.00             0.00             0.00
  364 GATA51H06   Unknown           147.49           187.35           108.71
                              0.00             0.00             0.00
  365 Mfd43       D5S207            147.49           187.35           108.71
                              0.00             0.00             0.00
* 366 Mfd137A     D5S210            147.49           187.35           108.71
                              0.00             0.00             0.00
  367 AFM287we9   D5S643            147.49           187.35           108.71
                              0.00             0.00             0.00
* 368 ATA26G09    Unknown           147.49           187.35           108.71
                              0.00             0.00             0.00
  369 FB18E2      Unknown           147.49           187.35           108.71
                              0.00             0.32             0.00
  370 ATA23A10    D5S1480           147.49           187.67           108.71
                              1.14             0.80             1.20
  371 AFMb318xc5  D5S2033           148.63           188.47           109.91
                              0.00             0.00             0.00
  372 AFM282wd5   D5S638            148.63           188.47           109.91
                              0.00             0.00             0.00
  373 AFMa060th5  D5S2099           148.63           188.47           109.91
                              0.85             1.67             0.00
  374 AFM112xd2   D5S463            149.48           190.14           109.91
                              0.00             0.00             0.00
  375 GATA139B09  Unknown           149.48           190.14           109.91
                              0.00             0.00             0.00
  376 ATA24B04    D5S2490           149.48           190.14           109.91
                              0.86             1.67             0.00
  377 AFM198zh6   D5S413            150.34           191.81           109.91
                              0.00             0.00             0.00
  378 AFM276wd5   D5S434            150.34           191.81           109.91
                              0.00             0.00             0.00
  379 AFMa052th5  D5S2090           150.34           191.81           109.91
                              0.00             0.00             0.00
  380 GAAT1D8     D5S812            150.34           191.81           109.91
                              2.28             4.46             0.00
  381 AFMb040xa9  D5S2015           152.62           196.27           109.91
                              0.00             0.00             0.00
  382 SE13A       Unknown           152.62           196.27           109.91
                              0.00             0.00             0.00
* 383 CSF1RGAT    Unknown           152.62           196.27           109.91
                              0.00             0.00             0.00
  384 CSF1R       Unknown           152.62           196.27           109.91
                              0.00             0.00             0.00
  385 AFM283wb5   D5S640            152.62           196.27           109.91
                              0.00             0.00             0.00
  386 AFMb035ze1  D5S2013           152.62           196.27           109.91
                              0.55             1.07             0.00
  387 AFMb037wf5  D5S2014           153.17           197.34           109.91
                              0.00             0.00             0.00
  388 AFM144zh4   D5S470            153.17           197.34           109.91
                              0.00             0.00             0.00
  389 AFM277vf5   D5S636            153.17           197.34           109.91
                              2.75             5.35             0.00
  390 Mfd6        D5S119            155.92           202.69           109.91
                              0.00             0.00             0.00
  391 AFM329tf5   D5S673            155.92           202.69           109.91
                              0.00             0.00             0.00
  392 AFM336xe9   D5S2077           155.92           202.69           109.91
                              0.55             1.07             0.00
  393 AFMb007yf1  D5S2007           156.47           203.76           109.91
                              0.00             0.00             0.00
  394 AFM191xd8   D5S410            156.47           203.76           109.91
                              0.00             0.00             0.00
  395 AFMa212wg1  D5S1978           156.47           203.76           109.91
                              0.00             0.00             0.00
  396 Mfd116      D5S209            156.47           203.76           109.91
                              0.00             0.00             0.00
  397 AFM323we1   D5S670            156.47           203.76           109.91
                              0.55             1.07             0.00
  398 AFM311vf9   D5S662            157.02           204.83           109.91
                              0.00             0.00             0.00
  399 AFM234yh8   D5S497            157.02           204.83           109.91
                              0.19             0.00             0.29
  400 AFMb027xc1  D5S2012           157.21           204.83           110.20
                              0.20             0.00             0.48
  401 AFMb299yg5  D5S2026           157.41           204.83           110.68
                              0.16             0.00             0.43
  402 GATA68A01   D5S1507           157.57           204.83           111.11
                              0.55             0.00             1.21
  403 AFM210vg3   D5S487            158.12           204.83           112.32
                              0.00             0.00             0.00
  404 GATA43C02   Unknown           158.12           204.83           112.32
                              1.10             0.00             2.41
  405 GATA51G10   D5S1499           159.22           204.83           114.73
                              0.55             0.00             1.20
  406 AFMa083xb9  D5S2112           159.77           204.83           115.93
                              0.00             0.00             0.00
  407 UT8057      D5S1403           159.77           204.83           115.93
                              0.00             0.00             0.40
  408 GATA6E05    D5S820            159.77           204.83           116.33
                              0.00             0.00             0.39
  409 AFM207wc11  D5S2016           159.77           204.83           116.72
                              1.10             1.06             0.42
  410 AFMb343xe9  D5S2049           160.87           205.89           117.14
                              0.00             0.00             0.00
  411 AFMc008zf9  D5S2060           160.87           205.89           117.14
                              0.00             0.00             0.00
  412 UT2159      D5S1392           160.87           205.89           117.14
                              0.00             0.00             0.00
  413 UT6511      D5S1400           160.87           205.89           117.14
                              0.53             0.00             1.06
  414 AFM198we11  D5S412            161.40           205.89           118.20
                              0.00             0.00             0.00
  415 UT1377      D5S1386           161.40           205.89           118.20
                              0.00             0.00             0.00
  416 UT5972      D5S1352           161.40           205.89           118.20
                              0.00             0.00             0.00
  417 AFMb326yd9  D5S2038           161.40           205.89           118.20
                              0.54             1.07             0.00
  418 AFMa184wd5  D5S1971           161.94           206.96           118.20
                              0.06             0.00             0.17
  419 AFM268we9   D5S2047           162.00           206.96           118.37
                              0.16             0.00             0.40
  420 AFMa102zg9  D5S2118           162.16           206.96           118.77
                              0.17             0.00             0.34
  421 ATA19A12    D5S1476           162.33           206.96           119.11
                              0.14             0.00             0.16
  422 Mfd269      D5S529            162.47           206.96           119.27
                              0.00             0.00             0.00
  423 AFM136xd2   D5S403            162.47           206.96           119.27
                              0.78             1.56             0.00
  424 AFMa114zf1  D5S1955           163.25           208.52           119.27
                              0.94             1.96             0.00
  425 AFMa053yf1  D5S2093           164.19           210.48           119.27
                              0.00             0.00             0.00
  426 UT5637      D5S1394           164.19           210.48           119.27
                              0.00             0.00             0.00
  427 AFM211yc7   D5S422            164.19           210.48           119.27
                              0.94             2.22             0.00
  428 AFMc033xh1  D5S2066           165.13           212.70           119.27
                              2.56             3.66             1.07
  429 AFM200za11  D5S621            167.69           216.36           120.34
                              0.99             2.08             0.00
  430 AFMb330wa9  D5S2040           168.68           218.44           120.34
                              0.43             0.85             0.00
  431 AFMb317yd9  D5S2032           169.11           219.29           120.34
                              0.34             0.68             0.00
  432 AFM214za9   D5S423            169.45           219.97           120.34
                              0.00             0.00             0.00
  433 AFM203xa7   D5S415            169.45           219.97           120.34
                              1.61             2.14             1.07
  434 AFMb351xf9  D5S2050           171.06           222.11           121.41
                              1.07             0.00             2.14
  435 GATA7H10    D5S1471           172.13           222.11           123.55
                              0.00             0.00             0.00
  436 AFM234vh4   D5S496            172.13           222.11           123.55
                              0.54             1.07             0.00
  437 GATA22C12   D5S1458           172.67           223.18           123.55
                              0.00             0.00             0.00
  438 AFM324td5   D5S671            172.67           223.18           123.55
                              0.00             0.48             0.00
  439 AFMb354xh1  D5S2052           172.67           223.66           123.55
                              0.00             0.46             0.00
  440 IG22        Unknown           172.67           224.12           123.55
                              0.00             0.45             0.00
  441 AFM200vf6   D5S619            172.67           224.57           123.55
                              1.06             0.21             0.33
  442 AFMb336wd5  D5S2045           173.73           224.78           123.88
                              1.07             1.61             0.74
  443 GATA11A11   D5S1456           174.80           226.39           124.62
                              0.00             0.00             0.00
  444 UT886       D5S1349           174.80           226.39           124.62
                              0.00             0.00             0.00
  445 AFM112yb6   D5S400            174.80           226.39           124.62
                              0.54             1.06             0.00
  446 AFM265vg5   D5S504            175.34           227.45           124.62
                              0.00             0.00             0.00
  447 AFMa196xg1  D5S1973           175.34           227.45           124.62
                              0.00             0.00             0.00
  448 AFM080xh11  D5S397            175.34           227.45           124.62
                              0.00             0.00             0.00
  449 UT7277      D5S1402           175.34           227.45           124.62
                              0.00             0.00             0.00
  450 AFMa196zg1  D5S1974           175.34           227.45           124.62
                              0.00             0.00             0.00
  451 AFMa133yd5  D5S1961           175.34           227.45           124.62
                              0.00             0.00             0.00
  452 AFMb332xh1  D5S2043           175.34           227.45           124.62
                              0.00             0.00             0.00
  453 AFM324yf9   D5S2075           175.34           227.45           124.62
                              1.72             1.62             2.12
  454 AFM210vf12  D5S625            177.06           229.07           126.74
                              0.86             1.63             0.00
  455 UT2246      D5S614            177.92           230.70           126.74
                              0.00             0.00             0.00
  456 304xd5      D5S653            177.92           230.70           126.74
                              0.65             1.09             0.00
  457 AFM102xc1   D5S462            178.57           231.79           126.74
                              0.54             1.09             0.00
  458 AFMa131yh5  D5S1960           179.11           232.88           126.74
                              0.00             0.00             0.00
  459 AFM225xf2   D5S425            179.11           232.88           126.74
                              0.00             0.00             0.00
  460 AFM242xb10  D5S429            179.11           232.88           126.74
                              0.65             1.45             0.00
  461 AFM057xh8   D5S394            179.76           234.33           126.74
                              2.59             2.89             2.16
  462 AFM302wc9   D5S2069           182.35           237.22           128.90
                              0.00             0.00             0.00
  463 AFMa081yf1  D5S2108           182.35           237.22           128.90
                              0.00             0.00             0.00
  464 AFM350xh1   D5S677            182.35           237.22           128.90
                              0.54             1.08             0.00
  465 Mfd154      D5S211            182.89           238.30           128.90
                              0.79             1.64             0.00
  466 AFMc005wg1  D5S2058           183.68           239.94           128.90
                              0.98             1.64             0.00
  467 AFM238xe11  D5S498            184.66           241.58           128.90
                              3.15             2.18             4.36
  468 AFMb318zb1  D5S2034           187.81           243.76           133.26
                              0.00             0.00             0.00
  469 AFMa083wc5  D5S2111           187.81           243.76           133.26
                              1.42             1.08             1.54
  470 ATA52D02    Unknown           189.23           244.84           134.80
                              0.00             0.00             0.00
  471 137xf6      D5S469            189.23           244.84           134.80
                              0.95             0.00             2.15
  472 AFMb010wa5  D5S2008           190.18           244.84           136.95
                              0.79             0.00             1.57
  473 AFMb307za9  D5S2030           190.97           244.84           138.52
                              3.91             0.00             7.87
  474 D5S43       D5S43             194.88           244.84           146.39
                              0.00             0.00             0.00
  475 UT6507      D5S1354           194.88           244.84           146.39
                              0.00             0.00             0.00
  476 AFM323yh1   D5S2073           194.88           244.84           146.39
                              0.61             0.00             1.24
  477 AFM164xb8   D5S408            195.49           244.84           147.63
                              2.05             0.00             3.32
  478 AFMb005wf9  D5S2006           197.54           244.84           150.95
