      Marker      Dnumber      sex-ave(cM)      female(cM)        male(cM)

    1 AFMa350zc9  D6S1600             0.00             0.00             0.00
                              0.00             0.00             0.00
    2 UT6540      D6S942              0.00             0.00             0.00
                              1.40             1.93             0.00
    3 UT7184      D6S967              1.40             1.93             0.00
                              0.00             0.00             0.00
    4 AFM092xb7   D6S344              1.40             1.93             0.00
                              2.03             0.00             6.13
    5 ATA109H09   Unknown             3.43             1.93             6.13
                              3.59             1.72             3.91
    6 AFM205xh4   D6S1617             7.02             3.65            10.04
                              0.00             0.47             0.00
    7 AFMa074zd1  D6S1713             7.02             4.12            10.04
                              2.16             2.18             2.16
    8 AFMa304yb9  D6S1591             9.18             6.30            12.20
                              0.00             0.00             0.00
    9 GATA3H05    D6S477              9.18             6.30            12.20
                              0.00             0.00             0.00
   10 AFMa230xa9  D6S1574             9.18             6.30            12.20
                              0.00             0.00             0.00
   11 SE30        Unknown             9.18             6.30            12.20
                              0.00             0.00             0.00
   12 AFM326yb9   D6S1677             9.18             6.30            12.20
                              0.00             0.00             0.00
   13 AFMc026yf5  D6S1668             9.18             6.30            12.20
                              0.00             0.00             0.54
   14 AFM088yh3   D6S1685             9.18             6.30            12.74
                              2.71             2.49             0.54
   15 AFMb319wa5  D6S1640            11.89             8.79            13.28
                              0.00             1.91             0.00
   16 AFMa341yb1  D6S1598            11.89            10.70            13.28
                              0.73             1.09             0.00
   17 AFMa132yf5  D6S1547            12.62            11.79            13.28
                              1.45             1.09             2.15
   18 AFM265zh9   D6S309             14.07            12.88            15.43
                              0.00             0.00             0.00
   19 ATA63C09    Unknown            14.07            12.88            15.43
                              0.00             0.00             0.00
   20 AFM207xh2   D6S296             14.07            12.88            15.43
                              0.00             0.00             0.00
   21 AFM296zb1   D6S1674            14.07            12.88            15.43
                              0.54             0.00             1.08
   22 AFM158yh2   D6S277             14.61            12.88            16.51
                              0.00             0.00             0.00
   23 AFM066xf7   D6S263             14.61            12.88            16.51
                              0.82             0.00             1.08
   24 AFM203xe11  D6S410             15.43            12.88            17.59
                              1.41             3.60             0.00
   25 UT6077      D6S940             16.84            16.48            17.59
                              1.38             0.00             2.48
   26 AFM349xh5   D6S470             18.22            16.48            20.07
                              5.01             4.26             6.21
   27 ATA6B05     D6S1034            23.23            20.74            26.28
                              1.28             2.00             0.00
   28 UT2018      D6S399             24.51            22.74            26.28
                              0.00             0.00             0.00
   29 AFMa306zh5  D6S1593            24.51            22.74            26.28
                              0.00             0.00             0.00
   30 ATA33A11    D6S1263            24.51            22.74            26.28
                              0.57             1.22             0.00
   31 ATA50C05    D6S2434            25.08            23.96            26.28
                              0.00             0.00             0.00
   32 AFM277wb5   D6S443             25.08            23.96            26.28
                              0.00             0.61             0.00
   33 AFMa099zf5  D6S1721            25.08            24.57            26.28
                              0.84             0.64             0.54
   34 UT7170      D6S1343            25.92            25.21            26.82
                              0.79             0.57             0.54
   35 AFM242za5   D6S429             26.71            25.78            27.36
                              0.00             0.88             0.00
   36 ATC4D09     D6S1006            26.71            26.66            27.36
                              0.00             0.00             0.00
   37 GCT6G02     Unknown            26.71            26.66            27.36
                              0.00             0.00             0.00
   38 AFMb337wg9  D6S1653            26.71            26.66            27.36
                              0.00             0.00             0.98
   39 AFMa244wf5  D6S1578            26.71            26.66            28.34
                              1.07             1.24             0.09
   40 AFM035wc1   D6S259             27.78            27.90            28.43
                              2.15             1.48             2.13
   41 AFM056xe1   D6S260             29.93            29.38            30.56
                              0.00             0.00             0.00
   42 AFM163xf4   D6S1559            29.93            29.38            30.56
                              0.00             0.00             0.00
   43 AFMb296xg5  D6S1630            29.93            29.38            30.56
                              0.00             0.00             0.00
   44 AFM321tc5   D6S1676            29.93            29.38            30.56
                              0.00             0.00             0.00
   45 AFM200wc9   D6S289             29.93            29.38            30.56
                              0.00             0.00             0.11
   46 AFM347yf1   D6S469             29.93            29.38            30.67
                              1.08             1.08             0.96
   47 AFM199ye5   D6S288             31.01            30.46            31.63
                              0.00             0.00             0.00
   48 AFMb008wb5  D6S1605            31.01            30.46            31.63
                              1.61             2.16             1.07
   49 AFM144yf2   D6S274             32.62            32.62            32.70
                              0.00             0.00             0.00
   50 AFMa288zg9  D6S1584            32.62            32.62            32.70
                              0.00             0.56             0.00
   51 AFMc024xb9  D6S1667            32.62            33.18            32.70
                              0.81             0.52             0.30
   52 AFMa219zd9  D6S1567            33.43            33.70            33.00
                              0.00             0.00             0.38
   53 UT6961      D6S966             33.43            33.70            33.38
                              0.80             1.08             0.22
   54 D6S109      D6S109             34.23            34.78            33.60
                              0.00             0.00             0.17
   55 AFMa050zc1  D6S1688            34.23            34.78            33.77
                              0.00             0.00             0.00
   56 AFM329te9   D6S1678            34.23            34.78            33.77
                              0.00             0.00             0.00
   57 GATA29A01   D6S1959            34.23            34.78            33.77
                              0.00             0.00             0.00
   58 AFM192yf2   D6S285             34.23            34.78            33.77
                              0.00             0.00             0.00
   59 AFMa059ze1  D6S1700            34.23            34.78            33.77
                              0.00             0.00             0.00
   60 GATA137G09  Unknown            34.23            34.78            33.77
                              0.00             0.00             0.31
   61 UT1404      D6S938             34.23            34.78            34.08
                              1.43             2.14             0.22
   62 AFMb321wb5  D6S1643            35.66            36.92            34.30
                              0.00             0.00             0.38
   63 AFM234xa3   D6S422             35.66            36.92            34.68
                              0.71             1.07             0.16
   64 AFMc017xg1  D6S1665            36.37            37.99            34.84
                              0.00             0.00             0.00
   65 GAAT3A06    Unknown            36.37            37.99            34.84
                              1.42             2.17             0.50
   66 AFMa340zb5  D6S1597            37.79            40.16            35.34
                              0.45             1.09             0.26
   67 AFMa302ye5  D6S1588            38.24            41.25            35.60
                              0.96             1.08             0.31
   68 ATA23A05    D6S1029            39.20            42.33            35.91
                              0.00             0.00             0.00
   69 AFMa045xh1  D6S1686            39.20            42.33            35.91
                              0.94             2.16             0.00
   70 AFMb355wg5  D6S1660            40.14            44.49            35.91
                              0.00             0.00             0.00
   71 AFMc012xd1  D6S1663            40.14            44.49            35.91
                              0.00             0.00             1.19
   72 AFM316zg5   D6S461             40.14            44.49            37.10
                              2.13             2.13             0.95
   73 AFM217xg7   D6S299             42.27            46.62            38.05
                              0.00             0.00             0.00
   74 AFMa052vh1  D6S1691            42.27            46.62            38.05
                              0.00             0.00             0.00
   75 GATA163B10  D6S2439            42.27            46.62            38.05
                              0.00             0.00             0.00
   76 GATA52D05   D6S1050            42.27            46.62            38.05
                              0.00             0.00             0.00
   77 AFMa183wb5  D6S1554            42.27            46.62            38.05
                              0.71             1.43             0.00
   78 AFMa116ze1  D6S1545            42.98            48.05            38.05
                              0.00             0.00             0.00
   79 AFMa223xd9  D6S1571            42.98            48.05            38.05
                              1.43             2.87             0.00
   80 ATA12D05    D6S1022            44.41            50.92            38.05
                              0.00             0.00             0.00
   81 Mfd61       D6S105             44.41            50.92            38.05
                              0.00             0.00             0.00
   82 AFM323vb5   D6S464             44.41            50.92            38.05
                              0.00             0.00             0.00
   83 AFM248xh1   D6S306             44.41            50.92            38.05
                              0.00             0.00             0.00
   84 AFM351ta9   D6S1683            44.41            50.92            38.05
                              0.00             0.00             0.00
   85 AFMb283ye5  D6S1624            44.41            50.92            38.05
                              0.00             0.00             0.00
   86 AFM031yh12  D6S258             44.41            50.92            38.05
                              0.00             0.00             0.00
   87 UT680       D6S388             44.41            50.92            38.05
                              0.00             0.00             0.00
   88 GATA89B07   D6S1281            44.41            50.92            38.05
                              0.00             0.00             0.00
*  89 GATA43E06   D6S2260            44.41            50.92            38.05
                              0.00             0.00             0.00
   90 ATA50H07    Unknown            44.41            50.92            38.05
                              0.00             0.00             0.00
   91 AFM101xa1   D6S265             44.41            50.92            38.05
                              0.00             0.00             0.00
   92 ATA85C11    Unknown            44.41            50.92            38.05
                              0.00             0.00             0.00
   93 UT6615      D6S963             44.41            50.92            38.05
                              0.00             0.00             0.00
   94 AFM207wh2   D6S1621            44.41            50.92            38.05
                              0.00             0.00             0.00
   95 AFM158ye9   D6S276             44.41            50.92            38.05
                              0.00             0.00             0.00
   96 UT1051      D6S394             44.41            50.92            38.05
                              0.00             0.00             0.00
   97 AFMa192wg9  D6S1558            44.41            50.92            38.05
                              0.55             1.10             0.00
   98 AFM142xh6   D6S273             44.96            52.02            38.05
                              0.00             0.00             0.00
   99 AFMb044xe9  D6S1615            44.96            52.02            38.05
                              0.54             1.11             0.00
  100 GCT4B05     D6S1014            45.50            53.13            38.05
                              0.00             0.00             0.00
  101 AFMc019yc5  D6S1666            45.50            53.13            38.05
                              0.74             1.11             0.00
* 102 GATA129G03  Unknown            46.24            54.24            38.05
                              1.47             0.00             3.20
  103 AFMa060yc9  D6S1701            47.71            54.24            41.25
                              0.00             0.00             0.00
  104 AFMb027xb9  D6S1611            47.71            54.24            41.25
                              0.00             0.00             0.00
  105 AFMa222wb5  D6S1568            47.71            54.24            41.25
                              0.00             0.00             0.00
  106 AFMa205yd9  D6S1560            47.71            54.24            41.25
                              0.00             0.00             0.00
  107 AFMb293xf9  D6S1629            47.71            54.24            41.25
                              0.00             0.00             0.00
  108 AFMb057yb1  D6S1618            47.71            54.24            41.25
                              0.00             0.00             0.00
  109 AFMa111yh1  D6S1542            47.71            54.24            41.25
                              0.00             0.00             0.00
  110 AFMa274wg1  D6S1583            47.71            54.24            41.25
                              0.55             1.10             0.00
  111 AFM268xe1   D6S439             48.26            55.34            41.25
                              0.00             0.00             0.34
  112 AFMb322wd1  D6S1645            48.26            55.34            41.59
                              1.24             1.31             0.73
  113 AFM203yg7   D6S291             49.50            56.65            42.32
                              1.25             1.31             1.07
  114 AFMa232wb1  D6S1576            50.75            57.96            43.39
                              0.00             0.00             0.00
  115 AFMb006zh1  D6S1602            50.75            57.96            43.39
                              0.00             0.00             0.00
  116 GATA61E03   D6S1051            50.75            57.96            43.39
                              1.25             2.63             0.00
  117 AFMa134vd5  D6S1548            52.00            60.59            43.39
                              1.25             2.64             0.00
  118 IB877       Unknown            53.25            63.23            43.39
                              0.56             1.13             0.00
  119 AFMb024yg1  D6S1610            53.81            64.36            43.39
                              0.00             0.00             0.00
  120 GTAT1H06    D6S1019            53.81            64.36            43.39
                              0.00             0.00             0.00
  121 UT722       D6S389             53.81            64.36            43.39
                              0.00             0.00             0.00
  122 GATA133H06  Unknown            53.81            64.36            43.39
                              0.00             0.00             0.00
  123 AFM337yd1   D6S1680            53.81            64.36            43.39
                              0.00             0.00             0.00
  124 UT8005      D6S973             53.81            64.36            43.39
                              0.00             0.00             0.00
  125 AFMb320vb9  D6S1641            53.81            64.36            43.39
                              0.00             0.00             1.03
  126 GGAA15B08   D6S2427            53.81            64.36            44.42
                              4.15             6.00             1.10
  127 AFM164xf4   D6S1562            57.96            70.36            45.52
                              1.38             2.99             0.00
  128 AFMb014yf5  D6S1607            59.34            73.35            45.52
                              0.00             0.00             0.00
  129 AFMb046wg5  D6S1616            59.34            73.35            45.52
                              1.10             2.22             0.00
  130 AFM238zf4   D6S426             60.44            75.57            45.52
                              0.00             0.00             0.00
  131 AFM172xb6   D6S1575            60.44            75.57            45.52
                              1.42             0.00             1.07
  132 AFMa139xc1  D6S1549            61.86            75.57            46.59
                              0.39             2.98             0.00
  133 AFM292zb1   D6S1672            62.25            78.55            46.59
                              1.03             1.48             0.00
  134 GGAT3H10    D6S1017            63.28            80.03            46.59
                              0.00             0.00             0.00
  135 UT2081      D6S400             63.28            80.03            46.59
                              0.00             0.00             0.00
  136 AFM157xe11  D6S1552            63.28            80.03            46.59
                              1.86             2.32             1.61
  137 AFMa272zb5  D6S1582            65.14            82.35            48.20
                              1.23             2.33             0.00
  138 AFM136yf8   D6S271             66.37            84.68            48.20
                              0.00             0.00             0.00
  139 AFMb007xa9  D6S1604            66.37            84.68            48.20
                              0.00             0.00             0.00
  140 AFM184xa11  D6S282             66.37            84.68            48.20
                              0.00             1.57             0.00
  141 AFM298we1   D6S451             66.37            86.25            48.20
                              2.28             1.92             0.33
  142 AFMb334yg9  D6S1650            68.65            88.17            48.53
                              0.00             0.00             0.63
  143 TCTE1       Unknown            68.65            88.17            49.16
                              1.01             1.55             0.65
  144 GATA161E01  Unknown            69.66            89.72            49.81
                              0.00             1.79             0.00
  145 AFM312xc5   D6S459             69.66            91.51            49.81
                              2.11             1.36             0.81
  146 AFMa051tb5  D6S1689            71.77            92.87            50.62
                              0.78             0.52             0.81
  147 AFMb316yd5  D6S1638            72.55            93.39            51.43
                              0.00             0.63             0.00
* 148 UT894       D6S936             72.55            94.02            51.43
                              0.00             0.00             0.00
  149 AFMb298yf9  D6S1632            72.55            94.02            51.43
                              0.58             1.07             0.00
  150 UT892       D6S948             73.13            95.09            51.43
                              0.00             0.00             0.00
  151 GATA11E02   D6S2410            73.13            95.09            51.43
                              0.00             0.00             0.00
  152 AFM015xg5   D6S1669            73.13            95.09            51.43
                              0.00             0.00             0.00
  153 GATA85F06   D6S1280            73.13            95.09            51.43
                              0.00             0.00             0.00
  154 AFMb336zh9  D6S1651            73.13            95.09            51.43
                              0.00             0.00             0.00
  155 UT5206      D6S951             73.13            95.09            51.43
                              0.00             0.00             0.00
  156 AFM015xa1   D6S1541            73.13            95.09            51.43
                              0.00             0.00             0.00
  157 AFM079xa5   D6S427             73.13            95.09            51.43
                              0.00             0.00             0.00
  158 AFMa219yg9  D6S1566            73.13            95.09            51.43
                              0.00             0.00             0.00
  159 AFM268wa9   D6S438             73.13            95.09            51.43
                              0.00             0.00             0.00
  160 AFM301wb9   D6S452             73.13            95.09            51.43
                              0.00             0.00             0.58
  161 GGAT4C01    D6S1018            73.13            95.09            52.01
                              0.00             0.00             0.61
  162 AFM123xe1   D6S269             73.13            95.09            52.62
                              1.15             0.47             0.42
  163 AFM029yd4   D6S436             74.28            95.56            53.04
                              0.00             0.60             0.00
  164 AFM119xg7   D6S1714            74.28            96.16            53.04
                              0.00             0.00             0.00
  165 AFM323xd5   D6S465             74.28            96.16            53.04
                              0.00             0.00             0.00
  166 AFM142xe7   D6S272             74.28            96.16            53.04
                              1.17             2.15             0.00
  167 GATA21H07   Unknown            75.45            98.31            53.04
                              1.17             2.21             0.00
  168 GATA29C09   D6S1960            76.62           100.52            53.04
                              1.16             2.14             0.00
  169 AFM331vh1   D6S466             77.78           102.66            53.04
                              0.00             0.00             0.00
  170 AFMa230xa5  D6S1573            77.78           102.66            53.04
                              0.00             0.00             0.00
  171 AFMb283we9  D6S1623            77.78           102.66            53.04
                              0.00             0.00             0.00
  172 AFM240yd6   D6S428             77.78           102.66            53.04
                              0.00             0.00             0.00
  173 AFMc007zh5  D6S1662            77.78           102.66            53.04
                              0.54             1.07             0.00
  174 AFM206xc11  D6S295             78.32           103.73            53.04
                              0.53             0.00             1.07
  175 GATA7F06    Unknown            78.85           103.73            54.11
                              0.00             0.00             0.00
  176 AFMb314wh5  D6S1636            78.85           103.73            54.11
                              0.00             0.00             0.00
  177 AFM205yc7   D6S294             78.85           103.73            54.11
                              0.54             0.00             1.06
  178 AFM270zc1   D6S1661            79.39           103.73            55.17
                              0.53             1.07             0.00
  179 AFM025te5   D6S257             79.92           104.80            55.17
                              0.00             0.00             0.00
  180 ATA2C11     D6S1005            79.92           104.80            55.17
                              0.00             0.00             0.00
  181 ACT3D05     Unknown            79.92           104.80            55.17
                              0.53             1.07             0.00
  182 AFMa071td1  D6S1710            80.45           105.87            55.17
                              0.00             0.00             0.00
  183 GATA51E06   D6S1048            80.45           105.87            55.17
                              0.00             0.00             0.00
  184 GATA64D02   D6S1053            80.45           105.87            55.17
                              0.00             0.00             0.00
  185 GATA74F07   D6S1275            80.45           105.87            55.17
                              0.00             0.00             0.00
  186 GGAA10G12   D6S1016            80.45           105.87            55.17
                              0.00             0.00             0.00
  187 ATA22E07    D6S1026            80.45           105.87            55.17
                              0.00             0.00             0.00
  188 GATA143B11  Unknown            80.45           105.87            55.17
                              0.00             0.00             0.00
  189 AFM211xa11  D6S414             80.45           105.87            55.17
                              0.54             1.07             0.00
  190 AFMb291zb5  D6S1628            80.99           106.94            55.17
                              0.00             0.00             0.00
  191 AFM115xh10  D6S1711            80.99           106.94            55.17
                              0.00             0.00             0.00
  192 AFMb351zg9  D6S1658            80.99           106.94            55.17
                              0.00             0.00             0.00
  193 ATA77D10    Unknown            80.99           106.94            55.17
                              0.00             0.00             0.00
  194 AFM190ye1   D6S402             80.99           106.94            55.17
                              0.00             0.00             0.00
  195 AFMa054zh9  D6S1695            80.99           106.94            55.17
                              0.53             0.00             1.07
  196 AFM254vb1   D6S430             81.52           106.94            56.24
                              0.00             0.00             0.00
  197 AFM155zd2   D6S1551            81.52           106.94            56.24
                              1.07             0.00             2.14
  198 Mfd183      D6S254             82.59           106.94            58.38
                              0.00             0.00             0.00
* 199 ATA29B09    D6S1032            82.59           106.94            58.38
                              0.00             0.00             0.00
  200 AFM164wb12  D6S1561            82.59           106.94            58.38
                              0.00             0.00             0.00
  201 GATA91H04   D6S1282            82.59           106.94            58.38
                              0.00             0.00             0.00
  202 UT6927      D6S965             82.59           106.94            58.38
                              0.00             0.00             0.00
  203 AFM331yh1   D6S467             82.59           106.94            58.38
                              0.00             0.00             0.00
  204 AFM123xe9   D6S1718            82.59           106.94            58.38
                              0.00             0.00             0.00
  205 AFM295tb3   D6S1673            82.59           106.94            58.38
                              0.00             0.00             0.00
  206 AFM036ye1   D6S405             82.59           106.94            58.38
                              0.00             0.00             0.00
  207 AFMa191zh5  D6S1557            82.59           106.94            58.38
                              0.00             0.00             0.00
  208 AFM303zd9   D6S455             82.59           106.94            58.38
                              0.00             0.00             0.00
  209 AFM046xh4   D6S1619            82.59           106.94            58.38
                              0.67             1.02             0.00
  210 AFM191xd6   D6S313             83.26           107.96            58.38
                              0.89             3.07             0.00
  211 AFM220zf2   D6S421             84.15           111.03            58.38
                              0.00             0.00             0.00
  212 AFM343vc1   D6S1681            84.15           111.03            58.38
                              3.14             2.05             3.20
  213 AFM168xh10  D6S280             87.29           113.08            61.58
                              0.00             0.00             0.00
  214 AFMa336zf9  D6S1596            87.29           113.08            61.58
                              1.34             3.00             0.00
  215 ATA28B11    D6S1031            88.63           116.08            61.58
                              0.00             0.00             0.00
  216 AFMb352wc1  D6S1659            88.63           116.08            61.58
                              0.00             0.00             0.00
  217 AFM308wf1   D6S456             88.63           116.08            61.58
                              0.00             0.00             0.00
  218 AFM038xc3   D6S406             88.63           116.08            61.58
                              0.00             0.00             0.00
  219 AFMb281wg9  D6S1622            88.63           116.08            61.58
                              0.60             0.00             1.06
  220 AFMb285zf5  D6S1625            89.23           116.08            62.64
                              0.00             0.00             0.00
  221 ATA10C06    D6S1020            89.23           116.08            62.64
                              0.00             0.00             0.00
  222 AFMa303zf5  D6S1589            89.23           116.08            62.64
                              0.60             1.29             0.00
  223 AFM198yc11  D6S286             89.83           117.37            62.64
                              0.00             0.00             0.00
  224 GATA62E12   D6S1052            89.83           117.37            62.64
                              0.00             0.00             0.00
  225 ATA41H06    Unknown            89.83           117.37            62.64
                              0.00             0.00             0.00
  226 AFM191xa3   D6S284             89.83           117.37            62.64
                              0.00             0.00             0.00
  227 AFM248ye9   D6S1646            89.83           117.37            62.64
                              0.00             0.00             0.00
  228 AFM312yb9   D6S460             89.83           117.37            62.64
                              0.60             1.29             0.00
  229 UT896       D6S391             90.43           118.66            62.64
                              0.00             0.00             0.00
  230 UT7256      D6S968             90.43           118.66            62.64
                              0.00             0.00             0.00
  231 AFMa067yh5  D6S1707            90.43           118.66            62.64
                              0.00             0.00             0.00
  232 Mfd131A     D6S251             90.43           118.66            62.64
                              0.00             0.00             0.00
  233 AFM319vh5   D6S463             90.43           118.66            62.64
                              0.91             1.96             0.00
  234 AFM286za5   D6S445             91.34           120.62            62.64
                              0.91             1.95             0.00
  235 AFMb307xf1  D6S1634            92.25           122.57            62.64
                              0.00             0.00             0.00
  236 AFMb022xg9  D6S1609            92.25           122.57            62.64
                              0.60             1.29             0.00
  237 ATA1F12     D6S1004            92.85           123.86            62.64
                              0.00             0.00             0.00
  238 AFMb337wc5  D6S1652            92.85           123.86            62.64
                              0.00             0.00             0.00
  239 AFMa312zb1  D6S1595            92.85           123.86            62.64
                              0.00             0.00             0.00
  240 AFM199zf12  D6S1601            92.85           123.86            62.64
                              0.00             0.00             0.00
  241 AFMb291xg9  D6S1627            92.85           123.86            62.64
                              0.00             0.00             0.00
* 242 GATA42A06   Unknown            92.85           123.86            62.64
                              0.00             0.00             0.00
  243 ATA24H07    D6S2258            92.85           123.86            62.64
                              3.20             6.93             0.00
  244 AFMb321zb1  D6S1644            96.05           130.79            62.64
                              1.06             2.25             0.00
  245 AFMb031ye9  D6S1613            97.11           133.04            62.64
                              1.90             1.31             1.18
  246 AFMb296xh1  D6S1631            99.01           134.35            63.82
                              0.00             1.29             0.00
  247 AFM317zb1   D6S462             99.01           135.64            63.82
                              0.00             0.00             0.00
  248 AFMa223wd9  D6S1570            99.01           135.64            63.82
                              1.90             1.29             2.34
  249 AFM297zd5   D6S450            100.91           136.93            66.16
                              0.00             0.00             0.00
  250 GATA30A08   D6S1043           100.91           136.93            66.16
                              0.00             0.00             0.00
  251 AFM311wa5   D6S458            100.91           136.93            66.16
                              0.64             1.30             0.00
  252 AFM278yd1   D6S444            101.55           138.23            66.16
                              0.00             0.00             0.00
  253 AFM212zf10  D6S417            101.55           138.23            66.16
                              0.00             0.00             0.00
  254 GATA74B03   D6S1274           101.55           138.23            66.16
                              0.00             0.00             0.00
  255 GATA7G07    D6S502            101.55           138.23            66.16
                              0.63             0.00             1.17
  256 Mfd284      D6S361            102.18           138.23            67.33
                              0.00             0.00             0.00
  257 Mfd171      D6S252            102.18           138.23            67.33
                              0.63             1.29             0.00
  258 GATA68H04   D6S1056           102.81           139.52            67.33
                              0.00             0.00             0.00
  259 AFM191xd4   D6S1586           102.81           139.52            67.33
                              0.00             0.00             0.00
  260 GATA52B08   D6S1013           102.81           139.52            67.33
                              0.00             0.00             0.00
  261 AFM158ya11  D6S275            102.81           139.52            67.33
                              0.64             0.00             1.18
  262 AFMa099yh5  D6S1720           103.45           139.52            68.51
                              0.00             0.00             0.00
  263 AFM218xg1   D6S300            103.45           139.52            68.51
                              0.63             0.00             1.17
  264 AFM015xb3   D6S1606           104.08           139.52            69.68
                              0.00             0.00             0.00
  265 GATA5C03    D6S501            104.08           139.52            69.68
                              0.00             0.00             0.00
  266 GATA68D05   D6S1054           104.08           139.52            69.68
                              0.00             0.00             0.00
  267 AFM234ya7   D6S424            104.08           139.52            69.68
                              0.00             0.00             0.00
  268 GATA108     D6S492            104.08           139.52            69.68
                              0.00             0.00             0.00
  269 GATA27C07   D6S1041           104.08           139.52            69.68
                              0.63             0.00             1.17
  270 AFMa083yb9  D6S1716           104.71           139.52            70.85
                              0.00             0.00             0.00
  271 AFMa054tg1  D6S1694           104.71           139.52            70.85
                              0.00             0.00             0.00
  272 GGAA23B02   D6S1284           104.71           139.52            70.85
                              0.00             1.30             0.00
  273 Mfd97       D6S249            104.71           140.82            70.85
                              2.54             1.31             1.27
* 274 GATA44      D6S475            107.25           142.13            72.12
                              0.00             0.00             1.09
  275 GGAA19D05   Unknown           107.25           142.13            73.21
                              0.00             0.00             0.00
  276 AFM119yb6   D6S1717           107.25           142.13            73.21
                              0.63             1.27             0.00
  277 AFMa111zf5  D6S1543           107.88           143.40            73.21
                              0.00             0.00             0.00
  278 AFM345vd9   D6S468            107.88           143.40            73.21
                              0.00             0.00             0.00
  279 AFM164yc11  D6S1565           107.88           143.40            73.21
                              0.00             0.00             0.00
  280 AFM288vg5   D6S1671           107.88           143.40            73.21
                              0.00             0.00             0.00
  281 AFM158ya9   D6S1555           107.88           143.40            73.21
                              0.00             0.00             0.00
* 282 GATA136F05  Unknown           107.88           143.40            73.21
                              1.31             1.37             0.60
  283 GATA164H01  Unknown           109.19           144.77            73.81
                              0.00             0.00             0.57
  284 AFMa070zd9  D6S1709           109.19           144.77            74.38
                              0.00             0.00             0.00
  285 AFM123ya7   D6S434            109.19           144.77            74.38
                              0.00             0.00             0.00
  286 AFM296ze5   D6S449            109.19           144.77            74.38
                              0.00             0.00             0.00
  287 AFM345yc5   D6S1682           109.19           144.77            74.38
                              0.00             0.00             0.00
  288 AFMb320vc9  D6S1642           109.19           144.77            74.38
                              0.00             0.00             0.00
  289 AFM190yf10  D6S283            109.19           144.77            74.38
                              1.98             4.12             0.00
  290 AFM220zf6   D6S301            111.17           148.89            74.38
                              0.00             0.00             0.00
  291 AFM329wg1   D6S1679           111.17           148.89            74.38
                              0.00             0.00             0.00
  292 AFMa052zg1  D6S1692           111.17           148.89            74.38
                              1.03             0.00             2.35
  293 ATA11D10    D6S1021           112.20           148.89            76.73
                              0.00             0.00             0.00
  294 AFM183yh4   D6S1580           112.20           148.89            76.73
                              0.00             0.00             0.00
  295 UT6132      D6S941            112.20           148.89            76.73
                              0.00             0.00             0.00
  296 ATA22H10    D6S1028           112.20           148.89            76.73
                              0.83             1.14             0.00
  297 AFMa121wf9  D6S1546           113.03           150.03            76.73
                              0.00             0.00             0.00
  298 AFMc012yd5  D6S1664           113.03           150.03            76.73
                              0.58             1.14             0.00
  299 AFM164ya5   D6S1563           113.61           151.17            76.73
                              0.00             0.00             0.00
  300 AFMa304zb5  D6S1592           113.61           151.17            76.73
                              0.00             0.00             0.00
  301 AFM290zd9   D6S447            113.61           151.17            76.73
                              1.32             0.78             1.61
  302 AFM115xh2   D6S268            114.93           151.95            78.34
                              1.33             0.75             1.60
  303 AFM162xc3   D6S278            116.26           152.70            79.94
                              1.03             3.05             0.00
  304 AFMa309xh1  D6S1594           117.29           155.75            79.94
                              0.00             0.00             0.00
  305 AFMb312yc1  D6S1635           117.29           155.75            79.94
                              0.79             0.00             1.07
  306 AFMb328wf1  D6S1647           118.08           155.75            81.01
                              0.00             0.00             0.00
  307 ATA56D06    Unknown           118.08           155.75            81.01
                              0.00             0.00             0.00
  308 AFMa058zb9  D6S1698           118.08           155.75            81.01
                              0.56             1.13             0.00
  309 AFM224yb4   D6S302            118.64           156.88            81.01
                              0.00             0.00             0.00
  310 AFM211ze5   D6S416            118.64           156.88            81.01
                              0.00             0.00             0.00
  311 AFM190yg5   D6S404            118.64           156.88            81.01
                              0.00             0.64             0.00
  312 GATA31      D6S474            118.64           157.52            81.01
                              0.83             0.50             0.38
  313 AFM260yc1   D6S432            119.47           158.02            81.39
                              0.84             1.13             0.69
  314 AFM102xf12  D6S266            120.31           159.15            82.08
                              0.00             0.00             0.00
  315 AFM059xh8   D6S261            120.31           159.15            82.08
                              0.00             0.00             0.00
  316 AFM301zb1   D6S454            120.31           159.15            82.08
                              0.00             0.00             0.00
  317 AFM234xd8   D6S423            120.31           159.15            82.08
                              0.00             0.00             0.00
  318 AFM200vh6   D6S1603           120.31           159.15            82.08
                              0.83             1.70             0.00
  319 AFM165xg9   D6S401            121.14           160.85            82.08
                              0.83             1.69             0.00
  320 UT526       D6S384            121.97           162.54            82.08
                              0.00             0.00             0.00
  321 AFM067xh3   D6S418            121.97           162.54            82.08
                              0.00             0.00             0.00
  322 ATA56B03    Unknown           121.97           162.54            82.08
                              0.00             0.00             0.00
  323 AFM114xd12  D6S267            121.97           162.54            82.08
                              0.00             0.00             0.00
  324 AFMb341zh5  D6S1657           121.97           162.54            82.08
                              0.00             0.00             0.00
  325 GATA22F05   D6S2259           121.97           162.54            82.08
                              0.00             0.00             0.00
  326 AFM225ya11  D6S303            121.97           162.54            82.08
                              0.00             0.00             0.00
  327 UT5128      D6S979            121.97           162.54            82.08
                              0.00             0.00             0.00
  328 AFM198ze1   D6S287            121.97           162.54            82.08
                              0.00             0.00             0.00
  329 AFM112yc1   D6S1706           121.97           162.54            82.08
                              0.00             0.00             0.00
  330 AFM238zd4   D6S304            121.97           162.54            82.08
                              0.00             0.00             0.00
  331 AFMa055zg9  D6S1696           121.97           162.54            82.08
                              0.00             0.00             0.00
  332 AFM207xb6   D6S412            121.97           162.54            82.08
                              0.00             0.00             0.00
  333 AFM260zb5   D6S433            121.97           162.54            82.08
                              0.54             1.07             0.00
  334 AFMb019wd9  D6S1608           122.51           163.61            82.08
                              0.00             0.00             0.00
  335 GATA22A07   D6S1037           122.51           163.61            82.08
                              0.00             0.00             0.00
  336 AFMa074wf5  D6S1712           122.51           163.61            82.08
                              1.60             3.20             0.00
* 337 GATA161A04  Unknown           124.11           166.81            82.08
                              0.00             0.00             0.00
  338 AFMb316ze1  D6S1639           124.11           166.81            82.08
                              0.53             1.07             0.00
  339 AFMa060zf9  D6S1702           124.64           167.88            82.08
                              1.07             1.07             1.06
  340 ATA22D10    D6S1025           125.71           168.95            83.14
                              0.00             0.00             0.00
  341 GATA28G05   Unknown           125.71           168.95            83.14
                              0.00             0.00             0.00
  342 ATA23C05    D6S1030           125.71           168.95            83.14
                              0.00             0.00             0.00
  343 AFM198wg11  D6S407            125.71           168.95            83.14
                              0.00             0.00             0.00
  344 AFM199zh10  D6S408            125.71           168.95            83.14
                              0.00             0.00             0.00
  345 AFMa082xd5  D6S1715           125.71           168.95            83.14
                              0.81             0.00             2.16
  346 AFMa051xh1  D6S1690           126.52           168.95            85.30
                              2.41             2.14             2.16
  347 UT5174      D6S937            128.93           171.09            87.46
                              0.00             0.00             0.00
  348 AFMb076wf1  D6S1620           128.93           171.09            87.46
                              0.00             0.00             0.00
  349 AFM109xa9   D6S1705           128.93           171.09            87.46
                              0.00             0.00             0.00
  350 GATA23F08   D6S1040           128.93           171.09            87.46
                              0.53             1.07             0.00
  351 AFMa230vc9  D6S1572           129.46           172.16            87.46
                              0.00             0.00             0.00
  352 AFM135xh2   D6S435            129.46           172.16            87.46
                              0.54             0.00             1.07
  353 AFM310wg1   D6S457            130.00           172.16            88.53
                              0.00             0.00             0.00
  354 Mfd91       ARG1              130.00           172.16            88.53
                              0.00             0.00             0.00
  355 AFM059yd6   D6S262            130.00           172.16            88.53
                              1.07             1.07             1.07
  356 AFM210vf8   D6S413            131.07           173.23            89.60
                              0.00             0.00             0.00
  357 AFMb338zf9  D6S1656           131.07           173.23            89.60
                              0.00             0.00             0.62
  358 AFMa128yd9  D6S472            131.07           173.23            90.22
                              2.11             2.97             0.45
  359 AFMa052vf1  D6S975            133.18           176.20            90.67
                              0.00             0.00             0.00
  360 GATA23B12   D6S1038           133.18           176.20            90.67
                              0.00             0.00             0.00
  361 Mfd47       D6S87             133.18           176.20            90.67
                              0.10             0.89             0.00
  362 AFMa102ya5  D6S1722           133.28           177.09            90.67
                              2.19             3.97             0.00
  363 AFM127xb2   D6S270            135.47           181.06            90.67
                              0.00             0.00             0.00
* 364 GATA119B06  Unknown           135.47           181.06            90.67
                              0.00             0.00             0.00
  365 AFM095wf11  D6S976            135.47           181.06            90.67
                              1.50             0.00             2.13
  366 AFM203za9   D6S292            136.97           181.06            92.80
                              0.00             0.00             0.00
  367 AFMb290zg5  D6S1626           136.97           181.06            92.80
                              0.77             2.33             0.00
  368 GATA32B03   D6S1009           137.74           183.39            92.80
                              3.41             6.98             0.00
  369 AFMa223wa9  D6S1569           141.15           190.37            92.80
                              0.00             0.00             0.00
  370 AFMa059yg1  D6S1699           141.15           190.37            92.80
                              1.71             2.34             1.06
  371 AFM190yg1   D6S403            142.86           192.71            93.86
                              0.00             0.00             0.00
  372 Mfd118      D6S250            142.86           192.71            93.86
                              0.00             0.00             0.00
  373 UT525       D6S383            142.86           192.71            93.86
                              0.54             1.07             0.00
  374 AFM267zg5   D6S310            143.40           193.78            93.86
                              0.00             0.00             0.00
  375 AFMa123xh1  D6S471            143.40           193.78            93.86
                              0.00             0.00             0.00
  376 AFM254xh1   D6S314            143.40           193.78            93.86
                              0.00             0.00             0.00
  377 AFMa301zf1  D6S1587           143.40           193.78            93.86
                              0.00             0.00             0.00
  378 AFM360th9   D6S1684           143.40           193.78            93.86
                              0.00             0.00             0.00
  379 AFM301ya5   D6S453            143.40           193.78            93.86
                              0.00             0.00             0.00
  380 AFM319xc9   D6S1675           143.40           193.78            93.86
                              0.00             0.00             0.00
  381 AFMb330yd5  D6S1648           143.40           193.78            93.86
                              0.00             0.00             0.13
  382 ATA89E04    Unknown           143.40           193.78            93.99
                              0.00             0.00             0.23
  383 UT523       D6S935            143.40           193.78            94.22
                              0.00             0.00             0.23
  384 UT2427      D6S958            143.40           193.78            94.45
                              0.00             0.00             0.23
  385 UT7700      D6S970            143.40           193.78            94.68
                              1.06             1.07             0.25
  386 ATA1F08     D6S1003           144.46           194.85            94.93
                              0.00             0.00             0.00
  387 AFM262xe9   D6S308            144.46           194.85            94.93
                              0.00             0.00             0.00
  388 AFMa062tb1  D6S1704           144.46           194.85            94.93
                              0.00             0.00             0.00
  389 AFM200we11  D6S409            144.46           194.85            94.93
                              0.00             0.00             0.00
  390 AFM163xa1   D6S279            144.46           194.85            94.93
                              1.60             3.20             0.00
  391 AFMa061zf9  D6S1703           146.06           198.05            94.93
                              0.00             0.00             0.00
  392 GATA184A08  Unknown           146.06           198.05            94.93
                              0.00             0.00             0.00
  393 AFMa052zh5  D6S978            146.06           198.05            94.93
                              0.00             0.00             0.00
  394 GATA29B05   D6S1042           146.06           198.05            94.93
                              0.00             0.00             0.00
  395 UT448       D6S944            146.06           198.05            94.93
                              0.00             0.00             0.00
  396 UT7693      D6S971            146.06           198.05            94.93
                              0.00             0.00             0.00
  397 AFM059xb8   D6S1649           146.06           198.05            94.93
                              0.54             1.07             0.00
  398 AFM120xg9   D6S977            146.60           199.12            94.93
                              0.53             1.07             0.00
  399 AFMb314yd5  D6S1637           147.13           200.19            94.93
                              0.00             0.00             0.00
  400 AFM276xf1   D6S311            147.13           200.19            94.93
                              2.00             1.61             2.13
  401 AFMa218wh1  D6S1564           149.13           201.80            97.06
                              0.67             1.61             0.00
  402 AFMb337zd1  D6S1654           149.80           203.41            97.06
                              1.62             2.73             0.28
  403 UT5779      D6S960            151.42           206.14            97.34
                              1.62             2.73             0.38
  404 UT1670      D6S956            153.04           208.87            97.72
                              0.00             0.00             0.41
  405 AFMa046xa9  D6S1687           153.04           208.87            98.13
                              0.00             0.00             0.00
  406 GATA2B06    Unknown           153.04           208.87            98.13
                              0.00             0.00             0.00
* 407 UT1448      D6S398            153.04           208.87            98.13
                              0.53             1.06             0.00
  408 AFM268yf5   D6S440            153.57           209.93            98.13
                              0.00             0.00             0.00
  409 AFM220yc9   D6S420            153.57           209.93            98.13
                              0.00             0.00             0.00
  410 AFMa175vg9  D6S1553           153.57           209.93            98.13
                              0.00             0.00             0.00
  411 GATA141G02  Unknown           153.57           209.93            98.13
                              0.53             1.07             0.00
  412 AFM200yb6   D6S290            154.10           211.00            98.13
                              0.00             0.00             0.00
  413 AFM269ze1   D6S441            154.10           211.00            98.13
                              0.00             0.00             0.00
  414 GATA186B06  Unknown           154.10           211.00            98.13
                              0.54             1.07             0.00
* 415 GATA165G02  D6S2436           154.64           212.07            98.13
                              0.53             0.00             1.07
  416 AFM292yd5   D6S448            155.17           212.07            99.20
                              0.00             0.00             0.00
  417 UT1073      D6S953            155.17           212.07            99.20
                              0.00             0.00             0.00
  418 AFMa133xa5  D6S473            155.17           212.07            99.20
                              0.00             0.00             0.00
  419 UT622       D6S947            155.17           212.07            99.20
                              0.00             0.00             0.00
  420 AFM238yh10  D6S425            155.17           212.07            99.20
                              1.07             1.07             1.06
  421 AFMa190xc1  D6S1556           156.24           213.14           100.26
                              0.53             1.08             0.00
  422 AFMa233wa5  D6S1577           156.77           214.22           100.26
                              0.54             1.07             0.00
  423 AFM277vf1   D6S442            157.31           215.29           100.26
                              0.53             1.07             0.00
  424 AFMa070xb9  D6S1708           157.84           216.36           100.26
                              0.00             0.38             0.00
  425 Mfd226      D6S255            157.84           216.74           100.26
                              0.00             0.30             0.00
  426 Mfd312      D6S362            157.84           217.04           100.26
                              1.60             0.39             2.14
  427 AFMb302xh5  D6S1633           159.44           217.43           102.40
                              0.54             0.00             1.06
  428 AFM046xg11  D6S1614           159.98           217.43           103.46
                              0.00             0.00             0.00
  429 UT7908      D6S972            159.98           217.43           103.46
                              0.00             0.00             0.00
* 430 GATA22G09   D6S1007           159.98           217.43           103.46
                              0.00             0.00             0.00
  431 AFM218xb6   D6S419            159.98           217.43           103.46
                              0.00             0.00             0.00
  432 AFMb029yd9  D6S1612           159.98           217.43           103.46
                              0.00             0.00             0.00
  433 AFM211yb10  D6S415            159.98           217.43           103.46
                              1.57             0.00             1.07
  434 UT7325      D6S969            161.55           217.43           104.53
                              0.00             0.00             0.00
  435 AFMb338wa9  D6S1655           161.55           217.43           104.53
                              0.04             2.86             0.00
  436 AFM266yb5   D6S437            161.59           220.29           104.53
                              0.00             0.00             0.00
  437 Mfd314      D6S363            161.59           220.29           104.53
                              3.19             5.76             0.00
  438 AFMa247zd9  D6S1581           164.78           226.05           104.53
                              0.00             0.00             0.00
  439 UT5619      D6S959            164.78           226.05           104.53
                              0.00             0.00             0.00
  440 ATA6C09     D6S1035           164.78           226.05           104.53
                              1.61             1.07             2.13
  441 AFMa141zd9  D6S1550           166.39           227.12           106.66
                              0.00             0.00             0.00
  442 AFM242zg5   D6S305            166.39           227.12           106.66
                              0.00             0.00             0.00
  443 AFM207wa1   D6S411            166.39           227.12           106.66
                              0.00             0.00             0.00
  444 AFMa244xc9  D6S1579           166.39           227.12           106.66
                              1.39             2.40             0.00
  445 UT1349      D6S955            167.78           229.52           106.66
                              0.00             0.00             0.00
  446 UT681       D6S980            167.78           229.52           106.66
                              2.17             2.40             2.79
  447 AFMa342vb5  D6S1599           169.95           231.92           109.45
                              3.36             2.07             4.20
  448 GATA81B01   D6S1277           173.31           233.99           113.65
                              0.00             0.00             0.00
  449 GATA65D12   D6S1273           173.31           233.99           113.65
                              4.57             5.14             4.22
  450 AFMa085zd5  D6S1719           177.88           239.13           117.87
                              1.19             0.00             2.80
  451 AFM079zb7   D6S264            179.07           239.13           120.67
                              3.04             5.40             0.00
  452 UT617       D6S386            182.11           244.53           120.67
                              0.00             0.00             0.00
  453 AFM212yf6   D6S297            182.11           244.53           120.67
                              0.00             0.00             0.00
  454 AFMa057vf9  D6S1697           182.11           244.53           120.67
                              0.00             0.00             0.00
  455 D6S21       D6S21             182.11           244.53           120.67
                              0.00             0.00             0.00
  456 AFMa290xh9  D6S1585           182.11           244.53           120.67
                              2.40             2.71             2.02
  457 GGAA8D08    D6S503            184.51           247.24           122.69
                              2.72             2.72             2.80
  458 ATA22G07    D6S1027           187.23           249.96           125.49
                              1.77             0.00             3.85
  459 D6S132      D6S132            189.00           249.96           129.34
                              0.00             0.00             0.00
  460 AFMa304xb1  D6S1590           189.00           249.96           129.34
                              0.00             0.00             0.00
  461 AFM290xf5   D6S446            189.00           249.96           129.34
                              1.14             0.00             1.67
  462 AFM176xh8   D6S281            190.14           249.96           131.01
                              2.15             4.45             0.00
  463 AFM095vg5   D6S1693           192.29           254.41           131.01
                              0.85             0.00             0.42
  464 6QTEL54     D6S2522           193.14           254.41           131.43
