      Marker      Dnumber      sex-ave(cM)      female(cM)        male(cM)

    1 AFMb035xb9  D7S2477             0.00             0.00             0.00
                              1.56             0.04             3.10
*   2 UT5195      D7S1484             1.56             0.04             3.10
                              0.91             0.00             1.85
    3 AFMa090xg1  D7S2563             2.47             0.04             4.95
                              0.66             0.00             1.31
    4 AFMb017yh1  D7S2474             3.13             0.04             6.26
                              0.00             0.00             0.00
    5 D7S21       D7S21               3.13             0.04             6.26
                              0.00             0.00             0.00
    6 AFM185yh2   D7S1532             3.13             0.04             6.26
                              2.15             1.08             3.24
    7 AFM254yc9   D7S531              5.28             1.12             9.50
                              0.00             0.00             0.00
    8 AFMa136zh1  D7S2424             5.28             1.12             9.50
                              0.00             0.00             0.00
    9 AFMc027xb5  D7S2521             5.28             1.12             9.50
                              0.00             0.00             0.00
   10 AFMb286yc5  D7S2484             5.28             1.12             9.50
                              2.16             1.07             3.23
   11 AFM210xc7   D7S511              7.44             2.19            12.73
                              0.00             0.00             0.00
   12 Mfd172      D7S472              7.44             2.19            12.73
                              0.00             0.00             0.00
   13 GATA24F03   D7S3056             7.44             2.19            12.73
                              0.00             0.00             0.00
   14 AFM225xa1   D7S517              7.44             2.19            12.73
                              0.54             1.09             0.00
   15 AFMa224wh9  D7S2445             7.98             3.28            12.73
                              2.70             3.24             2.16
   16 AFM049xe3   D7S481             10.68             6.52            14.89
                              0.00             0.00             0.00
   17 GATA61G06   D7S2201            10.68             6.52            14.89
                              0.00             0.00             0.00
   18 AFMb040zb5  D7S2478            10.68             6.52            14.89
                              2.69             4.32             0.55
   19 UT626       D7S616             13.37            10.84            15.44
                              0.00             0.00             0.18
   20 UT7600      D7S1527            13.37            10.84            15.62
                              0.00             0.00             0.35
   21 AFMa062yf9  D7S2553            13.37            10.84            15.97
                              0.00             0.00             0.00
   22 AFMc011yc9  D7S2514            13.37            10.84            15.97
                              1.90             2.16             2.15
   23 AFM224yb6   D7S641             15.27            13.00            18.12
                              1.90             1.59             0.00
   24 UT5023      D7S620             17.17            14.59            18.12
                              0.00             1.69             0.00
   25 GATA119B03  Unknown            17.17            16.28            18.12
                              0.00             0.00             0.00
   26 ATA1A10     D7S1790            17.17            16.28            18.12
                              0.00             0.00             0.00
   27 AFM098xa9   D7S2547            17.17            16.28            18.12
                              0.57             0.00             1.09
   28 AFM217yc5   D7S513             17.74            16.28            19.21
                              0.00             0.00             0.00
   29 AFM198yg5   D7S2464            17.74            16.28            19.21
                              3.10             1.59             6.11
   30 AFM281vc9   D7S664             20.84            17.87            25.32
                              2.45             3.75             0.00
   31 AFMa067wd5  D7S2557            23.29            21.62            25.32
                              4.37             6.87             1.52
   32 AFMb355wg1  D7S2508            27.66            28.49            26.84
                              1.08             2.17             0.00
   33 AFM200we7   D7S507             28.74            30.66            26.84
                              0.54             1.08             0.00
   34 AFM102xg7   D7S654             29.28            31.74            26.84
                              0.00             0.00             0.00
   35 AFM199xc3   D7S503             29.28            31.74            26.84
                              0.00             0.00             0.00
   36 AFMa072zf5  D7S2559            29.28            31.74            26.84
                              0.00             0.00             0.00
   37 GATA2G04    D7S815             29.28            31.74            26.84
                              0.00             0.00             0.00
   38 GATA137H02  D7S3051            29.28            31.74            26.84
                              0.00             0.00             0.00
   39 AFMb320vf9  D7S2495            29.28            31.74            26.84
                              0.00             0.00             0.00
   40 AFM217yb6   D7S638             29.28            31.74            26.84
                              0.00             0.00             0.00
   41 UT5947      D7S1487            29.28            31.74            26.84
                              0.00             0.00             0.00
   42 AFM080yg1   D7S2532            29.28            31.74            26.84
                              0.00             0.62             0.00
   43 AFM113xc11  D7S488             29.28            32.36            26.84
                              1.62             0.46             2.16
   44 AFM107yh2   D7S2551            30.90            32.82            29.00
                              2.15             2.16             0.00
   45 AFM347zb9   D7S2535            33.05            34.98            29.00
                              0.04             0.00             2.91
*  46 GATA85B06   D7S2210            33.09            34.98            31.91
                              1.06             0.00             1.46
   47 GATA124D01  Unknown            34.15            34.98            33.37
                              0.00             0.00             0.00
   48 AFMa085yg9  D7S2562            34.15            34.98            33.37
                              0.54             1.08             0.00
   49 AFM162xa7   D7S493             34.69            36.06            33.37
                              1.34             0.49             1.62
   50 IL6         Unknown            36.03            36.55            34.99
                              0.00             0.60             0.00
   51 GATA21B01   D7S1795            36.03            37.15            34.99
                              0.00             0.00             0.00
   52 AFMa302vd5  D7S2458            36.03            37.15            34.99
                              1.23             0.71             1.63
   53 AFM311xc5   D7S682             37.26            37.86            36.62
                              0.25             0.30             0.00
   54 AFM165xb10  D7S629             37.51            38.16            36.62
                              0.00             0.03             0.00
   55 AFMb362zf1  D7S2510            37.51            38.19            36.62
                              0.00             0.04             0.00
   56 GATA137A12  Unknown            37.51            38.23            36.62
                              0.97             0.00             2.15
   57 AFM044xb8   D7S2463            38.48            38.23            38.77
                              0.00             0.00             0.00
   58 AFM290vg9   D7S673             38.48            38.23            38.77
                              0.54             1.08             0.00
   59 ATA1B04     D7S1791            39.02            39.31            38.77
                              0.00             0.00             0.00
   60 AFMa224wc1  D7S2444            39.02            39.31            38.77
                              0.00             0.00             0.00
   61 AFMa300wc9  D7S2457            39.02            39.31            38.77
                              0.00             0.00             0.00
   62 AFM234yd4   D7S2493            39.02            39.31            38.77
                              0.00             0.00             0.00
   63 GATA28C09   D7S1821            39.02            39.31            38.77
                              0.80             2.14             0.00
   64 AFM248zd1   D7S529             39.82            41.45            38.77
                              0.80             0.00             1.07
   65 AFM317vf1   D7S2525            40.62            41.45            39.84
                              0.00             0.00             0.00
   66 AFMa245zd5  D7S2449            40.62            41.45            39.84
                              0.00             0.00             0.00
   67 AFM347tf1   D7S2534            40.62            41.45            39.84
                              0.54             1.07             0.00
   68 AFMa040xc1  D7S2538            41.16            42.52            39.84
                              0.53             1.07             0.00
   69 AFMa103wa5  D7S2564            41.69            43.59            39.84
                              0.00             0.00             0.00
   70 UT898       D7S617             41.69            43.59            39.84
                              0.00             0.00             0.00
   71 GGAA3F06    D7S1808            41.69            43.59            39.84
                              0.00             0.00             0.00
   72 AFMa217wh5  D7S2441            41.69            43.59            39.84
                              0.00             0.00             0.00
   73 AFM109xg9   D7S2556            41.69            43.59            39.84
                              0.00             0.00             0.00
   74 AFMa212yb1  D7S2440            41.69            43.59            39.84
                              0.00             0.00             0.00
   75 AFM224xg5   D7S516             41.69            43.59            39.84
                              0.00             0.00             0.00
   76 AFMa112wg9  D7S2416            41.69            43.59            39.84
                              2.15             2.52             1.78
   77 AFM277xg9   D7S2515            43.84            46.11            41.62
                              3.24             5.09             0.91
   78 GGAT1A3     D7S1869            47.08            51.20            42.53
                              0.00             0.00             0.00
   79 UT2411      D7S628             47.08            51.20            42.53
                              0.00             0.00             0.00
   80 Mfd20       D7S435             47.08            51.20            42.53
                              0.00             0.00             0.87
   81 AFMb320zg1  D7S2496            47.08            51.20            43.40
                              1.07             0.00             1.80
   82 AFMb313xh9  D7S2492            48.15            51.20            45.20
                              0.54             0.00             1.07
   83 AFM198ze5   D7S632             48.69            51.20            46.27
                              0.00             0.00             0.00
   84 AFMb301yb5  D7S2491            48.69            51.20            46.27
                              0.15             0.34             0.00
   85 GGAA11C11   D7S1806            48.84            51.54            46.27
                              0.15             0.31             0.00
   86 UT6195      D7S1514            48.99            51.85            46.27
                              0.23             0.43             0.00
   87 AFM248vc9   D7S526             49.22            52.28            46.27
                              1.07             2.14             0.00
*  88 GATA13G11   D7S817             50.29            54.42            46.27
                              0.00             0.00             0.00
   89 AFM338wh1   D7S690             50.29            54.42            46.27
                              0.00             0.00             0.00
*  90 GATA115D01  Unknown            50.29            54.42            46.27
                              0.00             0.00             0.00
   91 Mfd107      D7S474             50.29            54.42            46.27
                              0.00             0.00             0.00
   92 AFMa230yc5  D7S2252            50.29            54.42            46.27
                              2.41             2.14             0.97
   93 AFM311zc5   D7S683             52.70            56.56            47.24
                              0.00             0.00             1.91
   94 AFM263xe9   D7S656             52.70            56.56            49.15
                              0.80             0.00             1.42
   95 AFM087yd11  D7S484             53.50            56.56            50.57
                              0.00             0.00             0.00
   96 MITMH26     Unknown            53.50            56.56            50.57
                              0.00             0.00             0.00
   97 AFM177xf10  D7S497             53.50            56.56            50.57
                              0.61             1.35             0.00
   98 AFM098xc1   D7S2250            54.11            57.91            50.57
                              0.73             2.03             0.00
   99 AFMa040yh1  D7S2251            54.84            59.94            50.57
                              2.95             2.02             3.20
  100 GATA84F06   D7S2209            57.79            61.96            53.77
                              0.00             0.00             0.00
  101 UT5664      D7S1512            57.79            61.96            53.77
                              0.00             0.00             0.00
  102 GATA31A10   D7S2846            57.79            61.96            53.77
                              0.00             0.00             0.00
  103 AFM248ve5   D7S528             57.79            61.96            53.77
                              1.07             2.15             0.00
  104 AFMb322yd5  D7S2497            58.86            64.11            53.77
                              0.53             1.07             0.00
  105 AFM284zf9   D7S668             59.39            65.18            53.77
                              0.00             0.00             0.00
  106 AFMb352zd5  D7S2507            59.39            65.18            53.77
                              0.54             1.07             0.00
  107 Mfd253      D7S555             59.93            66.25            53.77
                              0.00             0.00             0.00
  108 GATA142C12  Unknown            59.93            66.25            53.77
                              0.00             0.00             0.00
  109 AFM207wb2   D7S510             59.93            66.25            53.77
                              0.00             0.00             0.00
  110 AFM095xe9   D7S485             59.93            66.25            53.77
                              0.00             0.00             0.00
  111 AFM077xc1   D7S2524            59.93            66.25            53.77
                              1.07             0.00             2.14
  112 AFM308wc5   D7S678             61.00            66.25            55.91
                              0.53             0.69             0.00
  113 AFMa054wc5  D7S2548            61.53            66.94            55.91
                              0.00             0.38             0.00
  114 AFMa043xb5  D7S2541            61.53            67.32            55.91
                              0.00             0.00             0.00
  115 AFMa351wb9  D7S2469            61.53            67.32            55.91
                              0.00             0.00             0.00
  116 ATA43G03    Unknown            61.53            67.32            55.91
                              0.54             1.07             0.00
  117 ATA31F09    Unknown            62.07            68.39            55.91
                              0.00             0.43             0.00
  118 AFM240yh4   D7S521             62.07            68.82            55.91
                              0.00             0.31             0.00
  119 AFMa289zd9  D7S2454            62.07            69.13            55.91
                              0.80             0.34             0.34
  120 AFM288yg9   D7S671             62.87            69.47            56.25
                              0.80             1.07             0.72
  121 AFM350va9   D7S691             63.67            70.54            56.97
                              1.88             3.77             0.00
  122 UT7583      D7S1526            65.55            74.31            56.97
                              0.00             0.00             0.00
  123 AFMa142zf1  D7S2428            65.55            74.31            56.97
                              1.88             3.76             0.00
  124 UT5049      D7S621             67.43            78.07            56.97
                              0.00             0.00             0.00
  125 AFMb295yg1  D7S2488            67.43            78.07            56.97
                              0.00             0.00             0.00
  126 AFM329tg9   D7S2528            67.43            78.07            56.97
                              0.00             0.00             0.00
  127 AFM284xg5   D7S667             67.43            78.07            56.97
                              0.00             0.00             0.00
  128 GCK         Unknown            67.43            78.07            56.97
                              0.53             1.08             0.00
  129 AFMa204zd1  D7S2436            67.96            79.15            56.97
                              0.54             1.07             0.00
  130 AFMa142zb1  D7S2427            68.50            80.22            56.97
                              0.53             1.07             0.00
  131 AFM308zg1   D7S679             69.03            81.29            56.97
                              0.00             0.00             0.00
  132 AFM238vb12  D7S519             69.03            81.29            56.97
                              0.00             0.00             0.00
* 133 GATA2G07    D7S1800            69.03            81.29            56.97
                              0.00             0.00             0.00
  134 AFM032xa1   D7S478             69.03            81.29            56.97
                              0.53             0.00             1.07
  135 GATA24D12   D7S1818            69.56            81.29            58.04
                              0.00             0.00             0.00
  136 ATA5H04     D7S1793            69.56            81.29            58.04
                              0.00             0.00             0.00
  137 AFM283xc5   D7S665             69.56            81.29            58.04
                              0.00             0.00             0.00
  138 UT1624      D7S626             69.56            81.29            58.04
                              0.00             0.00             0.00
  139 AFMa082wf5  D7S2561            69.56            81.29            58.04
                              0.00             0.00             0.00
  140 AFMb350ze9  D7S2506            69.56            81.29            58.04
                              0.00             0.00             0.00
  141 UT6122      D7S1488            69.56            81.29            58.04
                              0.00             0.00             0.00
  142 AFM288vb5   D7S670             69.56            81.29            58.04
                              0.00             0.00             0.00
  143 UT1221      D7S1508            69.56            81.29            58.04
                              0.00             0.00             0.00
  144 AFMa071yg5  D7S2558            69.56            81.29            58.04
                              1.08             2.16             0.00
  145 AFM294wf1   D7S674             70.64            83.45            58.04
                              2.14             4.29             0.00
* 146 GATA4E04    D7S1830            72.78            87.74            58.04
                              0.00             0.00             0.00
  147 AFMa129yb9  D7S2422            72.78            87.74            58.04
                              0.53             1.07             0.00
  148 GATA164C03  Unknown            73.31            88.81            58.04
                              0.00             0.00             0.00
  149 AFMa348wd5  D7S2467            73.31            88.81            58.04
                              0.53             1.07             0.00
* 150 AFM200wc7   D7S506             73.84            89.88            58.04
                              0.00             0.00             0.00
  151 AFMa275yg9  D7S2451            73.84            89.88            58.04
                              0.54             1.06             0.00
  152 AFMa062wb9  D7S2552            74.38            90.94            58.04
                              0.00             0.00             0.00
  153 AFMb018wg9  D7S2475            74.38            90.94            58.04
                              0.00             0.00             0.00
  154 UT1496      D7S1485            74.38            90.94            58.04
                              0.00             0.00             0.00
  155 Mfd304      D7S1481            74.38            90.94            58.04
                              0.53             1.07             0.00
  156 AFMa044yb9  D7S2542            74.91            92.01            58.04
                              0.53             1.07             0.00
  157 AFM102ya1   D7S2550            75.44            93.08            58.04
                              0.54             1.07             0.00
  158 AFM191xh6   D7S499             75.98            94.15            58.04
                              0.00             0.00             0.00
* 159 AFM276yg1   D7S659             75.98            94.15            58.04
                              0.73             1.47             0.00
  160 AFMa153tf5  D7S2429            76.71            95.62            58.04
                              0.00             0.00             0.00
  161 AFM165zf4   D7S494             76.71            95.62            58.04
                              0.00             0.00             0.00
  162 Mfd148      D7S473             76.71            95.62            58.04
                              1.20             2.41             0.00
  163 AFMc002zb1  D7S2512            77.91            98.03            58.04
                              0.00             0.00             0.00
  164 AFM240ve9   D7S520             77.91            98.03            58.04
                              0.00             0.00             0.00
  165 AFMa055xg9  D7S2549            77.91            98.03            58.04
                              0.00             0.00             0.00
  166 AFM329zb5   D7S2530            77.91            98.03            58.04
                              0.74             1.47             0.00
* 167 GATA118G10  D7S3046            78.65            99.50            58.04
                              0.00             0.00             0.00
  168 AFM070yc1   D7S482             78.65            99.50            58.04
                              0.00             0.00             0.00
  169 UT530       D7S611             78.65            99.50            58.04
                              0.00             0.00             0.00
  170 UT7368      D7S1525            78.65            99.50            58.04
                              0.00             0.00             0.00
  171 AFMb298xg9  D7S2489            78.65            99.50            58.04
                              0.00             0.00             0.00
  172 AFMb286xd5  D7S2483            78.65            99.50            58.04
                              0.00             0.00             0.00
  173 AFM280zc5   D7S663             78.65            99.50            58.04
                              0.00             0.00             0.00
  174 GGAA22F05   D7S1839            78.65            99.50            58.04
                              0.00             0.00             0.00
  175 AFMb346vf9  D7S2503            78.65            99.50            58.04
                              0.00             0.00             0.00
  176 UT5141      D7S1504            78.65            99.50            58.04
                              0.00             0.00             0.00
* 177 UT6741      D7S1519            78.65            99.50            58.04
                              0.00             0.00             0.00
  178 AFM199vh8   D7S502             78.65            99.50            58.04
                              0.59             1.07             0.00
  179 AFM220ya3   D7S639             79.24           100.57            58.04
                              1.18             0.58             1.42
  180 AFMb335wd9  D7S2500            80.42           101.15            59.46
                              0.00             0.50             0.00
  181 AFM238zc9   D7S645             80.42           101.65            59.46
                              0.00             0.00             0.00
  182 AFMa204wb1  D7S2435            80.42           101.65            59.46
                              3.57             4.27             1.44
  183 UT623       D7S613             83.99           105.92            60.90
                              0.00             0.00             1.44
* 184 GTAT1A10    Unknown            83.99           105.92            62.34
                              0.00             0.00             0.00
  185 AFMa106wb1  D7S2415            83.99           105.92            62.34
                              0.00             0.00             0.00
  186 AFMc014wg5  D7S2516            83.99           105.92            62.34
                              0.53             1.07             0.00
  187 IB1445A     Unknown            84.52           106.99            62.34
                              0.00             0.00             0.00
  188 ELN         Unknown            84.52           106.99            62.34
                              0.00             0.00             0.00
  189 AFMb018yf5  D7S2476            84.52           106.99            62.34
                              0.00             0.00             0.00
  190 AFM259zc1   D7S653             84.52           106.99            62.34
                              0.00             0.00             0.00
  191 AFM289ve9   D7S672             84.52           106.99            62.34
                              0.00             0.00             0.00
  192 IB1445      Unknown            84.52           106.99            62.34
                              0.80             2.14             0.00
* 193 ATA112F04   Unknown            85.32           109.13            62.34
                              0.00             0.00             0.00
  194 ELNmfd      Unknown            85.32           109.13            62.34
                              0.00             0.00             0.00
  195 UT5179      D7S1483            85.32           109.13            62.34
                              0.00             0.00             0.00
  196 AFMb007wg5  D7S2472            85.32           109.13            62.34
                              0.00             0.00             0.00
* 197 UT529       D7S1499            85.32           109.13            62.34
                              0.80             0.00             1.06
  198 AFMa060xc9  D7S1870            86.12           109.13            63.40
                              0.00             0.84             0.00
  199 UT533       D7S1500            86.12           109.97            63.40
                              0.00             0.73             0.00
  200 AFMc019yg9  D7S2518            86.12           110.70            63.40
                              1.26             0.58             0.88
  201 AFMb299xg5  D7S2490            87.38           111.28            64.28
                              2.50             4.29             0.19
  202 AFMc014zd9  D7S2517            89.88           115.57            64.47
                              0.00             0.00             0.00
  203 AFMa128ye1  D7S2421            89.88           115.57            64.47
                              0.00             0.00             0.00
  204 AFMa351ye1  D7S2470            89.88           115.57            64.47
                              0.54             0.00             1.06
  205 AFM286xf9   D7S669             90.42           115.57            65.53
                              0.00             0.00             0.00
  206 UT5227      D7S1507            90.42           115.57            65.53
                              0.00             0.00             0.00
  207 AFM295yg9   D7S675             90.42           115.57            65.53
                              0.28             0.32             0.00
  208 AFMa290xa5  D7S2455            90.70           115.89            65.53
                              0.25             0.75             0.00
  209 GATA73D10   D7S2204            90.95           116.64            65.53
                              0.72             1.07             0.00
  210 AFM016zg1   D7S2526            91.67           117.71            65.53
                              0.00             0.00             0.00
  211 AFM260yb5   D7S2499            91.67           117.71            65.53
                              1.43             1.08             2.14
  212 AFM203vb6   D7S634             93.10           118.79            67.67
                              0.00             0.00             0.00
  213 AFMa222wa5  D7S2443            93.10           118.79            67.67
                              0.53             1.07             0.00
  214 AFM277vd5   D7S660             93.63           119.86            67.67
                              0.00             0.00             0.00
  215 PY5-19      Unknown            93.63           119.86            67.67
                              0.00             0.00             0.00
  216 GATA21D08   D7S1797            93.63           119.86            67.67
                              0.77             1.60             0.00
  217 PY5-14      Unknown            94.40           121.46            67.67
                              0.00             0.00             0.00
  218 Mfd340      D7S802             94.40           121.46            67.67
                              0.47             0.79             0.00
  219 PY5-18      Unknown            94.87           122.25            67.67
                              0.54             0.82             0.00
  220 PY5-9       Unknown            95.41           123.07            67.67
                              0.02             0.00             0.71
  221 Mfd50       D7S440             95.43           123.07            68.38
                              0.00             0.00             0.72
  222 GATA87D11   D7S2212            95.43           123.07            69.10
                              1.95             0.00             2.86
  223 UT1951      D7S627             97.38           123.07            71.96
                              0.00             0.00             0.00
  224 AFMa043tb1  D7S2540            97.38           123.07            71.96
                              0.00             0.00             0.00
* 225 GATA23H04   Unknown            97.38           123.07            71.96
                              0.00             0.00             0.00
  226 AFMa037ye5  D7S2537            97.38           123.07            71.96
                              0.00             0.00             0.00
  227 AFMa064wg1  D7S2555            97.38           123.07            71.96
                              0.00             0.00             0.00
  228 AFMa113yg1  D7S2417            97.38           123.07            71.96
                              0.00             0.00             0.00
  229 AFM248ta5   D7S524             97.38           123.07            71.96
                              0.51             0.00             1.12
  230 AFM234xc7   D7S644             97.89           123.07            73.08
                              0.55             0.00             1.02
  231 AFM165yh12  D7S630             98.44           123.07            74.10
                              0.00             0.00             0.00
  232 GATA3F01    D7S820             98.44           123.07            74.10
                              0.00             0.00             0.00
  233 304tf4      Unknown            98.44           123.07            74.10
                              0.00             0.00             0.00
  234 AFM051xb12  D7S2485            98.44           123.07            74.10
                              0.00             0.00             0.00
  235 AFMb072wb5  D7S2481            98.44           123.07            74.10
                              0.00             0.00             0.00
  236 GATA73F12   Unknown            98.44           123.07            74.10
                              1.61             2.14             1.07
  237 GATA156A05  Unknown           100.05           125.21            75.17
                              0.00             0.00             0.00
  238 AFM158xa1   D7S492            100.05           125.21            75.17
                              0.76             1.42             0.00
  239 AFMa218ze5  D7S2410           100.81           126.63            75.17
                              2.82             2.85             1.25
  240 Mfd267      D7S558            103.63           129.48            76.42
                              0.00             0.00             1.63
* 241 ATA24A12    D7S1813           103.63           129.48            78.05
                              0.00             0.00             0.00
  242 ACT3E08     D7S1789           103.63           129.48            78.05
                              0.00             0.37             0.00
  243 AFMa202xa5  D7S2409           103.63           129.85            78.05
                              1.23             0.70             1.43
  244 AFM263yd9   D7S657            104.86           130.55            79.48
                              0.00             0.00             0.00
  245 UT1257      D7S623            104.86           130.55            79.48
                              0.00             0.00             0.00
  246 UT2206      D7S1509           104.86           130.55            79.48
                              0.00             0.00             0.00
  247 AFM333wf5   D7S689            104.86           130.55            79.48
                              0.00             0.00             0.00
  248 GATA190C05  Unknown           104.86           130.55            79.48
                              0.00             0.00             0.00
  249 AFM254xd5   D7S652            104.86           130.55            79.48
                              0.53             0.00             1.06
  250 AFMa156tb1  D7S2430           105.39           130.55            80.54
                              0.53             0.00             1.07
* 251 GATA137F12  Unknown           105.92           130.55            81.61
                              0.00             0.00             0.00
  252 AFM240ve3   D7S646            105.92           130.55            81.61
                              0.00             0.00             0.00
  253 GATA26D09   D7S1820           105.92           130.55            81.61
                              0.54             0.00             1.07
  254 COL1A2mfd   Unknown           106.46           130.55            82.68
                              0.00             0.00             0.50
  255 COL1A2      Unknown           106.46           130.55            83.18
                              2.13             3.20             0.51
  256 UT1341      D7S624            108.59           133.75            83.69
                              0.00             0.00             0.04
  257 AFMb283xd1  D7S2482           108.59           133.75            83.73
                              0.00             0.00             0.02
  258 AFMa163te5  D7S2431           108.59           133.75            83.75
                              0.00             0.00             0.00
  259 AFM248vd9   D7S527            108.59           133.75            83.75
                              0.53             1.06             0.00
  260 AFM036xg5   D7S479            109.12           134.81            83.75
                              0.00             0.00             0.00
  261 UT5800      D7S1489           109.12           134.81            83.75
                              0.00             0.00             0.00
  262 AFM151xf10  D7S491            109.12           134.81            83.75
                              0.00             0.00             0.00
  263 ATA19D05    D7S1812           109.12           134.81            83.75
                              0.00             0.00             0.00
  264 UT900       D7S1502           109.12           134.81            83.75
                              0.00             0.00             0.00
  265 GATA5D08    D7S821            109.12           134.81            83.75
                              0.00             0.00             0.00
  266 UT997       D7S1503           109.12           134.81            83.75
                              0.00             0.00             0.00
  267 GATA21C11   D7S1796           109.12           134.81            83.75
                              0.00             0.00             0.00
  268 AFM088ye9   D7S2539           109.12           134.81            83.75
                              0.54             0.00             1.07
  269 AFM248te5   D7S554            109.66           134.81            84.82
                              0.00             0.83             0.00
  270 UT901       D7S618            109.66           135.64            84.82
                              0.00             0.69             0.00
  271 UT7164      D7S1522           109.66           136.33            84.82
                              1.60             0.63             1.06
  272 AFM283za9   D7S666            111.26           136.96            85.88
                              0.00             0.00             0.00
  273 AFM259xh1   D7S2498           111.26           136.96            85.88
                              0.00             0.00             0.00
  274 AFM249za5   D7S651            111.26           136.96            85.88
                              0.00             0.00             0.00
  275 AFMb065xc9  D7S2480           111.26           136.96            85.88
                              0.53             1.06             0.00
  276 UT682       Unknown           111.79           138.02            85.88
                              0.00             0.00             0.00
  277 AFM030xb4   D7S477            111.79           138.02            85.88
                              0.00             0.00             0.00
  278 AFM280vh9   D7S662            111.79           138.02            85.88
                              0.31             0.53             0.00
  279 AFMa189yd5  D7S2433           112.10           138.55            85.88
                              0.22             0.54             0.00
  280 AFM220xc11  D7S515            112.32           139.09            85.88
                              0.00             0.00             0.00
  281 AFM240vh4   D7S647            112.32           139.09            85.88
                              0.00             0.00             0.00
  282 AFM353tc9   D7S2536           112.32           139.09            85.88
                              0.00             0.00             0.00
  283 AFM225xg9   D7S518            112.32           139.09            85.88
                              0.00             0.00             0.00
  284 ATA19E03    Unknown           112.32           139.09            85.88
                              0.53             1.07             0.00
  285 AFM273vg5   D7S2509           112.85           140.16            85.88
                              0.00             0.00             0.00
  286 AFMa244xc1  D7S2448           112.85           140.16            85.88
                              0.54             1.07             0.00
  287 GATA4E02    D7S796            113.39           141.23            85.88
                              0.00             0.00             0.00
  288 AFMb348zb5  D7S2504           113.39           141.23            85.88
                              0.53             1.06             0.00
  289 AFMa052ya5  D7S2545           113.92           142.29            85.88
                              0.00             0.00             0.00
  290 AFMb320ve1  D7S2494           113.92           142.29            85.88
                              0.00             0.00             0.00
  291 GATA2B09    Unknown           113.92           142.29            85.88
                              0.00             0.00             0.00
  292 AFM269zg1   D7S658            113.92           142.29            85.88
                              0.00             0.00             0.00
  293 UT7932      D7S1530           113.92           142.29            85.88
                              0.00             0.00             0.00
  294 AFMa226ye1  D7S2446           113.92           142.29            85.88
                              0.00             0.00             0.00
  295 GATA23F05   D7S1799           113.92           142.29            85.88
                              2.04             2.93             1.07
  296 AFMa288yg1  D7S2453           115.96           145.22            86.95
                              2.94             5.23             0.41
  297 AFM199vb2   D7S501            118.90           150.45            87.36
                              0.91             1.55             0.66
  298 AFMa305ye9  D7S2459           119.81           152.00            88.02
                              0.00             0.00             0.00
  299 AFMa126zc1  D7S2420           119.81           152.00            88.02
                              0.00             0.00             0.00
  300 AFM172xa1   D7S496            119.81           152.00            88.02
                              0.80             0.00             2.13
  301 AFMa297yf9  D7S2456           120.61           152.00            90.15
                              0.80             1.07             0.00
  302 Mfd225      D7S799            121.41           153.07            90.15
                              0.00             0.00             0.00
  303 GATA21H01   D7S1817           121.41           153.07            90.15
                              0.00             0.00             0.00
  304 GATA141H10  Unknown           121.41           153.07            90.15
                              0.00             0.00             0.00
  305 AFM248tc5   D7S525            121.41           153.07            90.15
                              0.00             0.00             0.00
  306 UT6262      D7S1516           121.41           153.07            90.15
                              0.00             0.00             0.00
  307 UT899       D7S1501           121.41           153.07            90.15
                              0.00             0.00             0.00
  308 AFM357te1   D7S692            121.41           153.07            90.15
                              0.00             0.00             0.00
  309 AFMa140yc9  D7S2425           121.41           153.07            90.15
                              1.07             0.00             2.13
  310 AFMa124xb9  D7S2418           122.48           153.07            92.28
                              0.53             1.06             0.00
  311 AFM242ye3   D7S523            123.01           154.13            92.28
                              0.00             0.00             0.00
  312 Mfd123      D7S471            123.01           154.13            92.28
                              0.00             0.00             0.00
  313 AFM323yg5   D7S687            123.01           154.13            92.28
                              0.00             0.00             0.00
  314 AFMa062zd9  D7S2554           123.01           154.13            92.28
                              1.07             2.14             0.00
  315 AFM303vh9   D7S677            124.08           156.27            92.28
                              0.00             0.00             0.00
  316 AFM098xg9   D7S486            124.08           156.27            92.28
                              0.00             0.00             0.00
  317 AFM197xf10  D7S2460           124.08           156.27            92.28
                              0.00             0.00             0.00
  318 AFM200we1   D7S633            124.08           156.27            92.28
                              0.00             0.00             0.00
  319 AFMa045xb1  D7S2543           124.08           156.27            92.28
                              0.00             0.00             0.00
  320 AFM242yc3   D7S522            124.08           156.27            92.28
                              0.00             0.00             0.00
  321 AFMb343xc1  D7S2502           124.08           156.27            92.28
                              1.07             2.14             0.00
  322 GATA44F09   D7S2847           125.15           158.41            92.28
                              0.00             0.00             0.00
  323 AFMb294yd1  D7S2487           125.15           158.41            92.28
                              0.00             0.00             0.22
  324 AFM224zf10  D7S643            125.15           158.41            92.50
                              0.00             0.00             0.23
  325 AFM263wg9   D7S655            125.15           158.41            92.73
                              0.80             1.06             0.35
  326 AFM042xh10  D7S480            125.95           159.47            93.08
                              0.80             1.07             0.16
  327 UT6241      D7S1517           126.75           160.54            93.24
                              0.00             0.00             0.11
  328 AFM240zh10  D7S650            126.75           160.54            93.35
                              0.00             0.00             0.00
  329 UT528       D7S1498           126.75           160.54            93.35
                              0.00             0.00             0.00
  330 UT5085      D7S1482           126.75           160.54            93.35
                              1.07             0.00             2.13
  331 AFM150yg7   D7S490            127.82           160.54            95.48
                              0.00             0.00             0.00
  332 GGAA9C07    D7S1809           127.82           160.54            95.48
                              0.00             0.00             0.00
  333 AFMa065zg9  D7S1873           127.82           160.54            95.48
                              0.00             0.00             0.00
  334 AFM329ya9   D7S2529           127.82           160.54            95.48
                              0.00             0.00             0.00
  335 AFM317yc5   D7S685            127.82           160.54            95.48
                              0.00             0.00             0.00
  336 AFMb292yb5  D7S2486           127.82           160.54            95.48
                              0.59             0.00             1.61
  337 AFMc026wb5  D7S2520           128.41           160.54            97.09
                              0.00             0.00             0.00
  338 AFMa203xa9  D7S2434           128.41           160.54            97.09
                              0.00             0.00             0.00
  339 AFM107yb6   D7S487            128.41           160.54            97.09
                              0.00             0.00             0.00
  340 GGAA6D03    D7S3061           128.41           160.54            97.09
                              0.00             0.00             0.00
  341 AFM078ze1   D7S648            128.41           160.54            97.09
                              0.58             1.07             0.00
  342 AFM199zh4   D7S2471           128.99           161.61            97.09
                              0.00             0.00             0.00
  343 AFM324zg5   D7S2527           128.99           161.61            97.09
                              0.59             1.08             0.00
  344 AFM323wd5   D7S686            129.58           162.69            97.09
                              0.00             0.00             0.00
  345 GATA67A05   D7S2203           129.58           162.69            97.09
                              0.00             0.00             0.00
  346 GATA28G04   D7S1822           129.58           162.69            97.09
                              0.00             0.00             0.00
  347 AFMa125wh1  D7S1874           129.58           162.69            97.09
                              0.59             1.07             0.00
  348 AFM206xc1   D7S635            130.17           163.76            97.09
                              0.00             0.00             0.00
  349 AFM218xf10  D7S514            130.17           163.76            97.09
                              0.00             0.00             0.00
  350 ATA55A05    Unknown           130.17           163.76            97.09
                              0.59             1.07             0.00
  351 AFMa345wc9  D7S1875           130.76           164.83            97.09
                              0.00             0.00             0.00
  352 AFM309yf1   D7S680            130.76           164.83            97.09
                              0.00             0.00             0.00
  353 AFMb340xh1  D7S2501           130.76           164.83            97.09
                              0.00             0.00             0.00
  354 UT7704      D7S1529           130.76           164.83            97.09
                              0.00             0.00             0.00
  355 AFM199xh12  D7S504            130.76           164.83            97.09
                              3.79             7.21             0.00
  356 AFM249xf9   D7S530            134.55           172.04            97.09
                              0.00             0.00             0.00
  357 AFMa051ze9  D7S2544           134.55           172.04            97.09
                              0.00             0.00             0.00
  358 GATA145G10  Unknown           134.55           172.04            97.09
                              0.00             0.00             0.00
  359 AFMc024we9  D7S2519           134.55           172.04            97.09
                              0.76             0.00             1.61
  360 ATA103D02   Unknown           135.31           172.04            98.70
                              0.75             1.43             0.00
  361 AFM338wd5   D7S2531           136.06           173.47            98.70
                              0.00             0.00             0.00
  362 AFM214yb2   D7S512            136.06           173.47            98.70
                              0.00             0.00             0.00
  363 AFM240xe9   D7S649            136.06           173.47            98.70
                              0.89             0.00             1.61
  364 GATA43C11   D7S1804           136.95           173.47           100.31
                              0.88             2.14             0.00
  365 AFM220yg1   D7S640            137.83           175.61           100.31
                              0.59             1.07             0.00
  366 AFM087zf11  D7S2533           138.42           176.68           100.31
                              0.00             0.00             0.00
  367 AFM164wg9   D7S2438           138.42           176.68           100.31
                              0.00             0.00             0.00
  368 GGAT2A03    Unknown           138.42           176.68           100.31
                              0.00             0.00             0.00
  369 AFM310yf9   D7S681            138.42           176.68           100.31
                              0.00             0.00             0.00
  370 AFMa205yb1  D7S2437           138.42           176.68           100.31
                              0.00             0.00             0.00
  371 AFM183xe11  D7S631            138.42           176.68           100.31
                              0.00             0.00             0.00
  372 AFMa282wf9  D7S2452           138.42           176.68           100.31
                              2.21             3.22             0.84
  373 Mfd327      D7S800            140.63           179.90           101.15
                              0.00             0.00             0.78
  374 AFM198zh8   D7S500            140.63           179.90           101.93
                              0.66             0.00             1.07
  375 GATA30F12   Unknown           141.29           179.90           103.00
                              2.04             1.98             2.13
  376 AFM203wg1   D7S509            143.33           181.88           105.13
                              1.39             2.72             0.00
  377 AFM168xc3   D7S495            144.72           184.60           105.13
                              0.62             1.25             0.00
  378 AFMa081tb9  D7S2560           145.34           185.85           105.13
                              0.94             1.90             0.00
  379 AFMa275yc1  D7S2450           146.28           187.75           105.13
                              0.94             1.90             0.00
  380 AFM312wb5   D7S684            147.22           189.65           105.13
                              0.89             1.43             0.18
  381 AFMa349yg5  D7S2468           148.11           191.08           105.31
                              0.00             0.00             0.30
  382 AFMb350wg9  D7S2505           148.11           191.08           105.61
                              1.79             2.87             0.19
  383 GATA63F08   Unknown           149.90           193.95           105.80
                              0.00             0.00             0.22
  384 UT6716      D7S1518           149.90           193.95           106.02
                              0.00             0.00             0.18
  385 GATA32C12   D7S1824           149.90           193.95           106.20
                              1.35             2.45             0.00
  386 AFMc008xd1  D7S2513           151.25           196.40           106.20
                              0.00             0.00             1.24
  387 AFMb017xc5  D7S2473           151.25           196.40           107.44
                              3.85             6.15             0.91
  388 AFM277zf5   D7S661            155.10           202.55           108.35
                              0.00             0.00             0.00
* 389 GATA150C06  Unknown           155.10           202.55           108.35
                              0.00             0.00             0.00
* 390 GATA104     Unknown           155.10           202.55           108.35
                              0.69             0.00             1.07
* 391 GATA23F01   D7S1798           155.79           202.55           109.42
                              0.00             0.00             0.00
  392 UT1733      D7S1486           155.79           202.55           109.42
                              0.00             0.00             0.00
  393 AFM183ya3   D7S498            155.79           202.55           109.42
                              0.20             0.00             0.40
  394 UT625       D7S615            155.99           202.55           109.82
                              0.20             0.00             0.40
  395 AFM302za5   D7S676            156.19           202.55           110.22
                              0.14             0.00             0.27
  396 AFMb364zb9  D7S2511           156.33           202.55           110.49
                              3.20             4.27             2.13
  397 AFM324zf9   D7S688            159.53           206.82           112.62
                              0.00             0.00             0.00
  398 AFMa124yf9  D7S2419           159.53           206.82           112.62
                              0.00             0.00             0.00
  399 UT5654a     Unknown           159.53           206.82           112.62
                              0.00             0.00             0.00
  400 AFMa218ze9  D7S2442           159.53           206.82           112.62
                              0.56             0.00             1.07
  401 AFMa142xh1  D7S2426           160.09           206.82           113.69
                              1.12             2.27             0.00
  402 GATA4H10    D7S1805           161.21           209.09           113.69
                              0.00             0.00             0.00
  403 AFM199zd4   D7S505            161.21           209.09           113.69
                              1.12             2.29             0.00
  404 GATA45E12   D7S1826           162.33           211.38           113.69
                              0.00             0.00             0.00
  405 AFM207za9   D7S636            162.33           211.38           113.69
                              0.00             0.00             0.00
  406 AFMa341xf5  D7S2461           162.33           211.38           113.69
                              0.00             0.00             0.00
  407 AFM074wc12  D7S642            162.33           211.38           113.69
                              0.70             0.00             1.06
  408 GATA189C06  D7S3070           163.03           211.38           114.75
                              0.71             1.54             0.00
  409 AFMa212xa9  D7S2439           163.74           212.92           114.75
                              1.44             3.08             0.00
  410 AFM074xg5   D7S483            165.18           216.00           114.75
                              0.00             0.00             0.00
  411 UT7357      D7S1523           165.18           216.00           114.75
                              1.30             0.00             2.14
  412 GATA10H01   Unknown           166.48           216.00           116.89
                              2.50             4.62             0.60
  413 AFM205va3   D7S798            168.98           220.62           117.49
                              0.83             1.74             0.48
  414 AFMa342yc9  D7S2462           169.81           222.36           117.97
                              1.13             1.73             0.00
  415 UT710       D7S2249           170.94           224.09           117.97
                              0.00             0.00             0.00
  416 UT7110      D7S1521           170.94           224.09           117.97
                              2.09             0.00             4.33
  417 AFM211xc3   D7S637            173.03           224.09           122.30
                              0.00             0.00             0.00
  418 AFMa053xb5  D7S2546           173.03           224.09           122.30
                              0.68             0.00             1.80
  419 GATA30D09   D7S3058           173.71           224.09           124.10
                              2.06             2.07             2.12
  420 AFM175yg1   D7S2447           175.77           226.16           126.22
                              2.64             3.28             1.55
  421 AFM224xh4   D7S550            178.41           229.44           127.77
                              1.83             1.32             0.00
  422 AFMa345xe1  D7S2465           180.24           230.76           127.77
                              1.73             0.00             6.22
  423 AFMa133zc9  D7S2423           181.97           230.76           133.99
                              0.00             0.00             0.00
  424 Mfd265      D7S559            181.97           230.76           133.99
