      Marker      Dnumber      sex-ave(cM)      female(cM)        male(cM)

    1 AFM197xg5   D8S504              0.00             0.00             0.00
                              0.73             0.00             1.43
    2 AFM143xd8   D8S264              0.73             0.00             1.43
                              1.64             1.10             2.18
    3 Mfd199A     D8S201              2.37             1.10             3.61
                              0.22             0.00             0.33
    4 ATA27A03    Unknown             2.59             1.10             3.94
                              0.24             0.00             0.38
    5 AFMb352xd5  D8S1788             2.83             1.10             4.32
                              0.09             0.00             0.39
    6 AFMa054td9  D8S1824             2.92             1.10             4.71
                              0.00             0.00             0.09
    7 AFMb336xd9  D8S1781             2.92             1.10             4.80
                              0.60             0.74             0.68
    8 UT1481      D8S1042             3.52             1.84             5.48
                              0.31             0.10             0.32
    9 AFM077yg5   D8S1806             3.83             1.94             5.80
                              0.44             0.25             0.00
   10 ATA3A02     D8S1099             4.27             2.19             5.80
                              0.00             0.00             0.00
   11 AFM127xh2   D8S262              4.27             2.19             5.80
                              1.36             0.00             3.24
*  12 KW98        D8S307              5.63             2.19             9.04
                              0.00             0.00             0.00
   13 AFM234ve1   D8S518              5.63             2.19             9.04
                              1.02             0.00             3.24
   14 AFMc032yg5  D8S1798             6.65             2.19            12.28
                              1.02             1.08             0.00
   15 AFM045xa3   D8S1742             7.67             3.27            12.28
                              0.67             1.08             0.00
   16 AFMa132xe5  D8S561              8.34             4.35            12.28
                              0.00             0.00             0.00
   17 AFM198wd2   D8S277              8.34             4.35            12.28
                              1.62             2.16             1.08
*  18 AFMa050zd5  D8S1819             9.96             6.51            13.36
                              0.00             0.00             0.00
   19 D8S439      D8S439              9.96             6.51            13.36
                              0.54             0.00             1.08
   20 AFMa124yb5  D8S1706            10.50             6.51            14.44
                              4.88             6.34             3.25
   21 Mfd295      D8S351             15.38            12.85            17.69
                              0.00             1.27             0.00
   22 AFMa055zg1  D8S1825            15.38            14.12            17.69
                              0.81             0.00             1.07
   23 GATA67F10   D8S1469            16.19            14.12            18.76
                              0.00             0.00             0.00
   24 AFM287we5   D8S542             16.19            14.12            18.76
                              0.00             0.00             0.00
   25 AFM193xh4   D8S503             16.19            14.12            18.76
                              0.81             0.00             1.08
   26 AFM214zb4   D8S516             17.00            14.12            19.84
                              0.00             0.00             0.00
   27 AFMa216zb1  D8S1721            17.00            14.12            19.84
                              3.61             7.28             0.00
   28 UT904       D8S376             20.61            21.40            19.84
                              0.00             0.00             0.00
   29 AFM234ye5   D8S520             20.61            21.40            19.84
                              0.72             1.44             0.00
   30 AFM304ze9   D8S550             21.33            22.84            19.84
                              0.54             1.08             0.00
   31 AFM144zb2   D8S265             21.87            23.92            19.84
                              0.00             0.00             0.00
   32 AFMa106xh5  D8S1695            21.87            23.92            19.84
                              0.00             0.00             0.00
   33 AFMb294yg5  D8S1759            21.87            23.92            19.84
                              0.30             0.53             0.00
   34 AFMb277wd5  D8S1755            22.17            24.45            19.84
                              0.24             0.55             0.00
   35 GATA25C10   D8S1130            22.41            25.00            19.84
                              4.02             5.50             2.16
   36 AFM320yf1   D8S552             26.43            30.50            22.00
                              0.00             0.00             0.00
   37 UT5286      D8S308             26.43            30.50            22.00
                              0.00             0.00             0.00
   38 KW306       Unknown            26.43            30.50            22.00
                              0.00             0.00             0.00
*  39 GATA23D06   D8S1106            26.43            30.50            22.00
                              0.97             2.53             0.00
   40 AFMb072zc5  D8S1754            27.40            33.03            22.00
                              0.00             0.00             0.00
   41 GATA151F02  Unknown            27.40            33.03            22.00
                              0.00             0.00             0.00
   42 AFMb355ze9  D8S1790            27.40            33.03            22.00
                              3.09             3.91             1.72
   43 AFM205tb10  D8S511             30.49            36.94            23.72
                              0.00             0.00             1.73
   44 AFM107ya1   D8S1827            30.49            36.94            25.45
                              1.24             0.00             0.00
   45 AFMa311wd1  D8S1731            31.73            36.94            25.45
                              0.00             1.91             0.00
   46 AFM303zc1   D8S549             31.73            38.85            25.45
                              3.03             4.59             2.31
   47 Mfd210      D8S254             34.76            43.44            27.76
                              2.28             1.20             1.73
   48 AFM123xg5   D8S261             37.04            44.64            29.49
                              0.00             0.00             0.00
   49 GATA72C10   D8S1145            37.04            44.64            29.49
                              2.21             2.60             1.71
   50 AFMa189zg5  D8S1715            39.25            47.24            31.20
                              0.00             0.00             0.00
   51 LPL         Unknown            39.25            47.24            31.20
                              2.30             3.89             0.00
   52 KW218       Unknown            41.55            51.13            31.20
                              0.00             0.00             0.00
   53 AFM107xb6   D8S258             41.55            51.13            31.20
                              0.00             0.06             0.00
   54 AFM205wc5   D8S280             41.55            51.19            31.20
                              1.30             1.02             1.26
   55 ATA18B10    D8S1116            42.85            52.21            32.46
                              0.00             0.00             1.05
   56 AFM234vf4   D8S282             42.85            52.21            33.51
                              0.56             0.00             1.14
   57 AFMa127ye5  D8S560             43.41            52.21            34.65
                              0.55             1.08             0.00
   58 cos140D4    D8S136             43.96            53.29            34.65
                              0.00             0.00             0.00
   59 AFM234yh10  D8S298             43.96            53.29            34.65
                              1.45             2.16             0.00
   60 AFMb341we5  D8S1786            45.41            55.45            34.65
                              0.00             0.00             0.00
   61 AFM197yc1   D8S1733            45.41            55.45            34.65
                              0.85             1.08             1.53
   62 AFMa337zh5  D8S1734            46.26            56.53            36.18
                              0.00             0.00             0.00
   63 AFMb055za9  D8S1752            46.26            56.53            36.18
                              2.53             4.33             1.53
   64 AFMa346ze5  D8S1739            48.79            60.86            37.71
                              1.26             0.00             0.75
   65 GATA31A06   Unknown            50.05            60.86            38.46
                              0.00             0.00             0.19
   66 AFMa226zh5  D8S1725            50.05            60.86            38.65
                              0.00             0.00             0.59
   67 AFMb320va5  D8S1771            50.05            60.86            39.24
                              1.10             1.55             2.29
   68 UT5185      D8S382             51.15            62.41            41.53
                              3.13             4.60             0.00
   69 UT7129      D8S1048            54.28            67.01            41.53
                              0.00             0.00             0.00
   70 AFMa083xb5  D8S1839            54.28            67.01            41.53
                              0.70             1.51             0.00
   71 AFM333yg9   D8S1809            54.98            68.52            41.53
                              0.00             0.00             0.00
   72 D8S131      D8S131             54.98            68.52            41.53
                              0.00             0.00             0.00
   73 UT2405      D8S585             54.98            68.52            41.53
                              0.00             0.00             0.00
   74 D8S137      D8S137GT           54.98            68.52            41.53
                              1.06             2.50             0.00
   75 AFMa051zb1  D8S1820            56.04            71.02            41.53
                              4.30             5.07             3.19
   76 UT800       D8S375             60.34            76.09            44.72
                              0.00             0.00             0.00
   77 GGAA20C10   D8S1477            60.34            76.09            44.72
                              0.00             0.00             0.00
   78 D8S339      D8S339             60.34            76.09            44.72
                              0.00             0.00             0.00
   79 UT1885      D8S499             60.34            76.09            44.72
                              0.00             0.00             0.00
   80 AFM220yf8   D8S1769            60.34            76.09            44.72
                              0.00             0.00             0.00
   81 AFM238vd10  D8S1770            60.34            76.09            44.72
                              0.00             0.00             0.00
   82 ATA9G02     D8S1125            60.34            76.09            44.72
                              0.00             0.00             0.00
   83 AFM158xg7   D8S1711            60.34            76.09            44.72
                              0.00             0.00             0.00
   84 AFM345td5   D8S1810            60.34            76.09            44.72
                              0.00             0.00             0.00
   85 GATA119C06  Unknown            60.34            76.09            44.72
                              0.53             0.00             1.07
   86 AFM127xe5   D8S1845            60.87            76.09            45.79
                              0.00             0.00             0.00
   87 AFM198tb2   D8S505             60.87            76.09            45.79
                              0.00             0.00             0.00
   88 AFMb292zf1  D8S1758            60.87            76.09            45.79
                              0.00             0.00             0.00
   89 AFM265zc9   D8S535             60.87            76.09            45.79
                              0.00             0.00             0.00
   90 AFM281yb9   D8S540             60.87            76.09            45.79
                              0.00             0.00             0.00
   91 AFM211wa9   D8S513             60.87            76.09            45.79
                              0.00             0.00             0.00
   92 UT950       D8S1021            60.87            76.09            45.79
                              0.00             0.00             0.00
   93 AFM238yh12  D8S283             60.87            76.09            45.79
                              0.00             0.00             0.00
   94 AFM200ye1   D8S278             60.87            76.09            45.79
                              0.00             0.00             0.00
   95 AFMa163xg5  D8S1709            60.87            76.09            45.79
                              0.00             0.00             0.00
   96 Mfd39A      D8S87              60.87            76.09            45.79
                              0.00             0.00             0.00
   97 Mfd333      D8S571             60.87            76.09            45.79
                              0.00             0.00             0.00
   98 UT5118      D8S379             60.87            76.09            45.79
                              0.00             0.00             0.00
   99 AFM107yb2   D8S259             60.87            76.09            45.79
                              0.53             1.06             0.00
  100 AFMa192xd5  D8S1719            61.40            77.15            45.79
                              0.00             0.00             0.00
  101 AFMb036yd1  D8S1750            61.40            77.15            45.79
                              0.00             0.00             0.00
  102 AFM312xf1   D8S1803            61.40            77.15            45.79
                              0.00             0.00             0.00
  103 GATA115F05  Unknown            61.40            77.15            45.79
                              0.00             0.00             0.00
  104 AFMa119vd5  D8S1700            61.40            77.15            45.79
                              0.00             0.00             0.00
  105 ATA22A07    D8S1121            61.40            77.15            45.79
                              0.00             0.00             0.00
  106 AFMb311yb9  D8S1766            61.40            77.15            45.79
                              0.00             0.00             0.63
  107 AFMb325yg1  D8S1777            61.40            77.15            46.42
                              1.07             1.07             0.24
  108 AFM265zf9   D8S536             62.47            78.22            46.66
                              0.00             0.00             0.13
  109 GATA19      Unknown            62.47            78.22            46.79
                              0.00             0.00             0.06
  110 AFMa219zg9  D8S1722            62.47            78.22            46.85
                              0.53             1.06             0.00
  111 AFMc002zg5  D8S1791            63.00            79.28            46.85
                              0.00             0.00             0.27
  112 AFM203wg9   D8S1747            63.00            79.28            47.12
                              0.00             0.00             0.45
  113 AFMa052wf5  D8S1821            63.00            79.28            47.57
                              1.60             2.13             0.35
  114 AFM023xc1   D8S255             64.60            81.41            47.92
                              0.00             0.00             0.00
  115 ATA19E05    D8S1118            64.60            81.41            47.92
                              0.00             0.00             0.00
  116 AFM214ya7   D8S515             64.60            81.41            47.92
                              0.00             0.00             0.00
  117 KW110       Unknown            64.60            81.41            47.92
                              0.00             0.00             0.00
  118 GAAT2F03    D8S1104            64.60            81.41            47.92
                              0.00             0.00             0.00
  119 GATA101H09  Unknown            64.60            81.41            47.92
                              0.15             0.64             0.00
  120 AFM081yd11  D8S532             64.75            82.05            47.92
                              0.38             0.43             0.00
  121 AFMa049wd5  D8S1817            65.13            82.48            47.92
                              0.00             0.00             0.00
  122 AFM156xa3   D8S268             65.13            82.48            47.92
                              1.07             2.13             0.00
  123 ATA38C03    Unknown            66.20            84.61            47.92
                              0.00             0.00             0.00
  124 GATA9A01    Unknown            66.20            84.61            47.92
                              0.00             0.00             0.00
  125 AFM200xh12  D8S1745            66.20            84.61            47.92
                              0.00             0.00             0.00
  126 AFM162xb12  D8S1716            66.20            84.61            47.92
                              0.00             0.00             0.00
  127 AFM081xe9   D8S531             66.20            84.61            47.92
                              0.00             0.00             0.00
  128 AFM234vh8   D8S519             66.20            84.61            47.92
                              0.53             1.07             0.00
  129 GATA12H01   D8S589             66.73            85.68            47.92
                              0.00             0.00             0.00
  130 UT7847      D8S1051            66.73            85.68            47.92
                              0.00             0.00             0.00
  131 UT5134      D8S1012            66.73            85.68            47.92
                              0.54             1.07             0.00
  132 AFMb320zg5  D8S1773            67.27            86.75            47.92
                              0.00             0.00             0.00
  133 AFM224xh6   D8S517             67.27            86.75            47.92
                              0.00             0.00             0.00
  134 GATA28C05   D8S1133            67.27            86.75            47.92
                              0.00             0.00             0.00
  135 AFMa046wg9  D8S1815            67.27            86.75            47.92
                              0.00             0.00             0.00
  136 AFM276xe9   D8S601             67.27            86.75            47.92
                              0.00             0.00             0.00
  137 GATA8G10    D8S1110            67.27            86.75            47.92
                              0.00             0.00             0.00
  138 AFM274ve5   D8S538             67.27            86.75            47.92
                              0.00             0.00             0.00
  139 AFMa071yf9  D8S1831            67.27            86.75            47.92
                              0.00             0.00             0.00
  140 AFM242zf6   D8S524             67.27            86.75            47.92
                              0.00             0.00             0.00
  141 GATA11G11   D8S587             67.27            86.75            47.92
                              0.00             0.00             0.00
  142 ATA1G10     D8S1098            67.27            86.75            47.92
                              0.00             0.00             0.00
  143 AFMa072yd5  D8S1833            67.27            86.75            47.92
                              0.00             0.00             0.00
  144 AFMa344wa5  D8S1737            67.27            86.75            47.92
                              0.00             0.00             0.00
  145 ATA17H02    D8S1115            67.27            86.75            47.92
                              2.13             4.27             0.00
  146 GATA4E08    Unknown            69.40            91.02            47.92
                              0.00             0.00             0.00
  147 GATA156H01  Unknown            69.40            91.02            47.92
                              0.00             0.00             0.00
  148 AFM203zc1   D8S509             69.40            91.02            47.92
                              0.00             0.00             0.00
  149 Mfd117A     D8S165             69.40            91.02            47.92
                              0.00             0.00             0.00
  150 ATA37G10    Unknown            69.40            91.02            47.92
                              1.60             2.13             1.06
  151 Mfd31       PENK               71.00            93.15            48.98
                              0.00             0.00             0.00
  152 UT885       D8S1019            71.00            93.15            48.98
                              0.00             0.00             0.00
  153 Mfd159A     D8S166             71.00            93.15            48.98
                              0.00             0.00             0.00
  154 AFM021te1   D8S1816            71.00            93.15            48.98
                              0.00             0.00             0.00
  155 GATA101B01  Unknown            71.00            93.15            48.98
                              0.00             0.00             0.00
  156 GAAT1C11    D8S1102            71.00            93.15            48.98
                              0.00             0.00             0.00
  157 AFMa061zd1  D8S1828            71.00            93.15            48.98
                              0.00             0.00             0.00
  158 AFM255yb9   D8S285             71.00            93.15            48.98
                              2.82             5.66             0.00
  159 UT750       D8S374             73.82            98.81            48.98
                              1.57             3.25             0.00
  160 AFM203wh10  D8S507             75.39           102.06            48.98
                              0.00             0.00             0.00
  161 AFMa222wb1  D8S1723            75.39           102.06            48.98
                              2.50             3.40             0.00
  162 GGAA8G07    D8S1113            77.89           105.46            48.98
                              0.89             1.14             2.49
  163 AFM360td1   D8S1812            78.78           106.60            51.47
                              0.00             0.00             0.00
  164 AFMb307xb9  D8S1763            78.78           106.60            51.47
                              0.58             1.12             0.00
  165 AFMa191ye1  D8S1718            79.36           107.72            51.47
                              0.00             0.00             0.00
  166 AFMa085yd1  D8S1843            79.36           107.72            51.47
                              0.00             0.00             0.00
  167 AFMa152yc5  D8S1177            79.36           107.72            51.47
                              0.00             0.00             0.00
  168 AFM114xe7   D8S260             79.36           107.72            51.47
                              0.58             1.12             0.00
  169 AFM184xb10  D8S1178            79.94           108.84            51.47
                              0.00             0.00             0.00
  170 AFMa108wb5  D8S1696            79.94           108.84            51.47
                              0.00             0.00             0.50
  171 AFM203zg1   D8S510             79.94           108.84            51.97
                              1.74             2.25             0.75
  172 AFMb018yg9  D8S1748            81.68           111.09            52.72
                              0.00             0.00             0.00
* 173 GATA62G06   D8S1141            81.68           111.09            52.72
                              0.00             0.00             0.00
  174 AFM294vd5   D8S544             81.68           111.09            52.72
                              0.00             0.00             0.00
  175 AFM206xh4   D8S512             81.68           111.09            52.72
                              0.58             1.13             0.00
  176 AFMa084wc5  D8S1841            82.26           112.22            52.72
                              0.00             0.00             0.00
  177 AFM088xb3   D8S533             82.26           112.22            52.72
                              0.00             0.00             0.00
  178 AFM326te5   D8S553             82.26           112.22            52.72
                              0.00             0.00             0.00
  179 GATA41A01   D8S1136            82.26           112.22            52.72
                              0.58             1.12             0.00
  180 AFMc031wc5  D8S1797            82.84           113.34            52.72
                              0.00             0.00             0.00
  181 AFMa083zc1  D8S1840            82.84           113.34            52.72
                              0.00             0.00             0.00
  182 AFMb340yg1  D8S1785            82.84           113.34            52.72
                              0.67             1.37             0.00
  183 AFMb311yf9  D8S1767            83.51           114.71            52.72
                              1.72             3.25             0.53
  184 ATA19E01    D8S1117            85.23           117.96            53.25
                              2.29             1.99             0.99
  185 UT5130      D8S380             87.52           119.95            54.24
                              0.02             0.00             0.99
  186 UT453       D8S366             87.54           119.95            55.23
                              0.00             0.00             0.00
  187 AFMb321za9  D8S1775            87.54           119.95            55.23
                              0.00             0.07             0.00
  188 AFM281wb1   D8S1795            87.54           120.02            55.23
                              0.00             0.08             0.00
  189 GATA12B06   D8S2323            87.54           120.10            55.23
                              0.00             0.16             0.56
  190 AFM289ye5   D8S543             87.54           120.26            55.79
                              0.00             0.00             0.45
  191 AFMc013ze5  D8S1792            87.54           120.26            56.24
                              0.00             0.00             0.16
  192 UT5138      D8S381             87.54           120.26            56.40
                              2.79             4.21             0.07
  193 AFM259yg5   D8S530             90.33           124.47            56.47
                              0.00             0.00             0.00
  194 Mfd311      D8S570             90.33           124.47            56.47
                              0.00             0.00             0.00
  195 AFM326th1   D8S1807            90.33           124.47            56.47
                              1.13             2.15             0.00
  196 AFM203wc1   D8S279             91.46           126.62            56.47
                              0.74             2.14             0.00
  197 Mfd352      D8S572             92.20           128.76            56.47
                              0.38             0.00             0.47
  198 AFM248za5   D8S1776            92.58           128.76            56.94
                              1.50             0.67             0.59
  199 UT5182      D8S1013            94.08           129.43            57.53
                              0.00             1.49             0.00
  200 GATA14E09   D8S2324            94.08           130.92            57.53
                              0.53             1.08             0.00
  201 AFM268ve9   D8S286             94.61           132.00            57.53
                              0.00             0.00             0.00
* 202 AFM286xf1   D8S541             94.61           132.00            57.53
                              0.00             0.00             0.00
  203 AFM220xc7   D8S1764            94.61           132.00            57.53
                              0.00             0.00             0.00
  204 AFM108xf12  D8S1829            94.61           132.00            57.53
                              0.00             0.00             0.00
  205 GATA6F12    Unknown            94.61           132.00            57.53
                              0.00             0.00             0.00
  206 GATA160B10  Unknown            94.61           132.00            57.53
                              0.00             0.00             0.00
  207 AFM255yb1   D8S526             94.61           132.00            57.53
                              0.54             1.07             0.00
  208 GATA91F11   D8S1475            95.15           133.07            57.53
                              0.00             0.00             0.00
  209 AFM319tb9   D8S1805            95.15           133.07            57.53
                              0.00             0.00             0.00
  210 AFM172xf10  D8S501             95.15           133.07            57.53
                              0.00             0.00             0.00
  211 AFM301zc9   D8S548             95.15           133.07            57.53
                              0.53             1.07             0.00
* 212 GATA48H10   D8S1137            95.68           134.14            57.53
                              0.53             1.06             0.00
  213 AFM308ze5   D8S551             96.21           135.20            57.53
                              0.00             0.00             0.00
  214 AFM080xh7   D8S528             96.21           135.20            57.53
                              0.00             0.00             0.00
  215 GATA28H07   D8S1134            96.21           135.20            57.53
                              0.00             0.00             0.00
  216 AFMb294zd1  D8S1760            96.21           135.20            57.53
                              0.00             0.00             0.00
  217 GAAT5C12    D8S1126            96.21           135.20            57.53
                              0.00             0.00             0.00
  218 AFMa121xg9  D8S1705            96.21           135.20            57.53
                              0.00             0.00             0.00
  219 Mfd8        D8S84              96.21           135.20            57.53
                              0.00             0.00             0.00
  220 GATA23C09   D8S1105            96.21           135.20            57.53
                              0.00             0.00             0.00
  221 Mfd229      D8S251             96.21           135.20            57.53
                              0.00             0.00             0.00
  222 GATA129C06  Unknown            96.21           135.20            57.53
                              0.00             0.00             0.00
  223 GATA129G08  Unknown            96.21           135.20            57.53
                              1.07             2.14             0.00
  224 AFM191we7   D8S1730            97.28           137.34            57.53
                              0.00             0.00             0.00
  225 AFMa343zb5  D8S1736            97.28           137.34            57.53
                              0.00             0.00             0.00
  226 AFM210xh8   D8S1757            97.28           137.34            57.53
                              1.60             3.21             0.00
  227 AFM137xf10  D8S1697            98.88           140.55            57.53
                              0.00             0.00             0.00
  228 AFM244td1   D8S525             98.88           140.55            57.53
                              0.00             0.00             0.00
  229 AFM143yh4   D8S1702            98.88           140.55            57.53
                              0.00             0.00             0.00
  230 AFMa083wg9  D8S1838            98.88           140.55            57.53
                              0.00             0.00             0.00
  231 AFM185xe9   D8S275             98.88           140.55            57.53
                              2.13             3.21             0.55
  232 ATA19G07    D8S1119           101.01           143.76            58.08
                              0.00             0.00             0.52
  233 Mfd185A     D8S167            101.01           143.76            58.60
                              0.68             1.24             0.00
  234 AFM147yb6   D8S1707           101.69           145.00            58.60
                              0.93             1.99             0.00
  235 Mfd45A      D8S88             102.62           146.99            58.60
                              0.00             0.00             0.00
  236 AFM165yb10  D8S271            102.62           146.99            58.60
                              0.00             0.00             0.00
  237 GCT13F07    D8S1476           102.62           146.99            58.60
                              0.00             0.00             0.00
  238 AFM179yf6   D8S273            102.62           146.99            58.60
                              1.07             0.00             2.13
  239 AFM287wa5   D8S1800           103.69           146.99            60.73
                              0.00             0.00             0.00
  240 AFMa226wb5  D8S1724           103.69           146.99            60.73
                              0.00             0.00             0.00
  241 GATA8B01    Unknown           103.69           146.99            60.73
                              0.00             0.00             0.00
  242 AFM094vb7   D8S1818           103.69           146.99            60.73
                              0.00             0.00             0.00
  243 AFM165xh4   D8S270            103.69           146.99            60.73
                              0.00             0.00             0.43
  244 AFM355tf5   D8S1811           103.69           146.99            61.16
                              0.64             1.09             0.49
  245 GATA28F12   Unknown           104.33           148.08            61.65
                              2.57             4.30             0.15
  246 AFM198vh6   D8S1735           106.90           152.38            61.80
                              0.00             0.00             0.00
  247 AFM281vd5   D8S1794           106.90           152.38            61.80
                              0.00             0.00             0.00
  248 AFMa114xc9  D8S1699           106.90           152.38            61.80
                              1.07             2.14             0.00
  249 UT631       D8S1018           107.97           154.52            61.80
                              0.00             0.00             0.00
  250 AFMa052wh1  D8S1822           107.97           154.52            61.80
                              0.00             0.00             0.00
  251 AFMb320wg9  D8S1772           107.97           154.52            61.80
                              0.00             0.00             0.00
  252 AFMb281zf1  D8S1756           107.97           154.52            61.80
                              2.23             5.30             0.00
  253 AFM200wb6   D8S506            110.20           159.82            61.80
                              0.00             0.00             0.00
  254 GAAT1A4     Unknown           110.20           159.82            61.80
                              0.00             0.00             0.00
  255 AFMb327yh1  D8S1778           110.20           159.82            61.80
                              0.00             0.00             0.00
  256 GATA23D12   D8S1129           110.20           159.82            61.80
                              1.48             0.00             2.13
  257 AFM077ya5   D8S257            111.68           159.82            63.93
                              0.00             0.00             0.00
  258 AFMb019yg1  D8S1749           111.68           159.82            63.93
                              0.00             0.00             0.00
  259 KW362       Unknown           111.68           159.82            63.93
                              0.74             0.00             1.07
  260 AFM352td9   D8S559            112.42           159.82            65.00
                              0.00             0.00             0.00
  261 AFMb307xb5  D8S1762           112.42           159.82            65.00
                              0.00             0.00             0.00
  262 AFM270yb1   D8S1789           112.42           159.82            65.00
                              0.74             1.74             0.00
  263 AFM295xh5   D8S546            113.16           161.56            65.00
                              0.00             0.00             0.00
  264 AFM333vb9   D8S1808           113.16           161.56            65.00
                              2.98             5.30             1.06
  265 AFM078za9   D8S521            116.14           166.86            66.06
                              1.48             1.73             1.07
  266 AFMa090yg5  D8S1844           117.62           168.59            67.13
                              0.00             0.00             0.00
  267 AFMa073zg5  D8S1834           117.62           168.59            67.13
                              0.00             0.00             0.00
  268 KW252       Unknown           117.62           168.59            67.13
                              0.00             0.00             0.00
  269 UT7815      D8S1049           117.62           168.59            67.13
                              0.00             0.00             0.00
  270 AFMa184zg5  D8S1714           117.62           168.59            67.13
                              0.00             0.00             0.00
  271 UT6744      D8S1046           117.62           168.59            67.13
                              0.00             0.00             0.00
  272 ATA36C08    D8S1459           117.62           168.59            67.13
                              0.00             0.00             0.00
  273 AFM294we9   D8S545            117.62           168.59            67.13
                              0.00             0.00             0.00
  274 AFM154xe7   D8S267            117.62           168.59            67.13
                              0.00             0.00             0.00
  275 AFM192xc5   D8S276            117.62           168.59            67.13
                              0.00             0.00             0.00
  276 AFMa045yg5  D8S1814           117.62           168.59            67.13
                              0.00             0.00             0.00
  277 AFMa344zc1  D8S1738           117.62           168.59            67.13
                              0.53             1.07             0.00
  278 AFMa119xb5  D8S1703           118.15           169.66            67.13
                              0.00             0.00             0.00
  279 AFMb340xf5  D8S1784           118.15           169.66            67.13
                              0.00             0.00             0.00
  280 AFM343xa5   D8S556            118.15           169.66            67.13
                              0.00             0.00             0.00
  281 AFMb311yh9  D8S1768           118.15           169.66            67.13
                              0.00             0.59             0.00
  282 UT1208      D8S385            118.15           170.25            67.13
                              1.07             0.49             1.06
* 283 GATA26A08   D8S1131           119.22           170.74            68.19
                              0.00             0.00             0.00
  284 AFMa065yg1  D8S1830           119.22           170.74            68.19
                              1.07             2.13             0.00
  285 Mfd196      D8S200            120.29           172.87            68.19
                              0.00             0.00             0.00
  286 UT5196      D8S383            120.29           172.87            68.19
                              1.61             0.00             3.21
  287 Mfd18       D8S85             121.90           172.87            71.40
                              0.00             0.00             0.00
  288 UT6510      D8S1047           121.90           172.87            71.40
                              0.00             0.00             0.00
  289 ATA23G06    D8S1122           121.90           172.87            71.40
                              1.06             0.00             2.13
  290 UT5478      D8S1043           122.96           172.87            73.53
                              0.00             0.00             0.00
* 291 GATA152D02  Unknown           122.96           172.87            73.53
                              0.00             0.00             0.00
  292 GATA123H10  Unknown           122.96           172.87            73.53
                              0.58             0.00             1.25
  293 Mfd321      D8S1008           123.54           172.87            74.78
                              0.00             0.00             0.00
  294 AFM277yc1   D8S539            123.54           172.87            74.78
                              0.00             0.00             0.00
  295 GATA69D10   D8S1471           123.54           172.87            74.78
                              0.00             0.00             0.00
* 296 GATA51F09   D8S1139           123.54           172.87            74.78
                              0.00             0.00             0.00
* 297 GATA7F02    Unknown           123.54           172.87            74.78
                              0.00             0.00             0.00
  298 UT1959      D8S498            123.54           172.87            74.78
                              0.00             0.00             0.00
  299 UT5117      D8S1022           123.54           172.87            74.78
                              0.00             0.00             0.00
  300 AFMb345xf1  D8S1787           123.54           172.87            74.78
                              0.00             0.00             0.00
  301 AFM255yf9   D8S1779           123.54           172.87            74.78
                              0.00             0.00             0.00
  302 UT2358      D8S1015           123.54           172.87            74.78
                              0.00             0.00             0.00
  303 AFM337xe1   D8S555            123.54           172.87            74.78
                              0.00             0.00             0.00
  304 GATA3C11    Unknown           123.54           172.87            74.78
                              0.00             0.00             0.00
  305 AFM295xh9   D8S547            123.54           172.87            74.78
                              0.87             1.07             0.56
  306 GATA12F02   D8S588            124.41           173.94            75.34
                              0.86             0.25             0.68
  307 AFM240wc9   D8S522            125.27           174.19            76.02
                              0.00             0.81             0.00
  308 FB12B7      D8S1016           125.27           175.00            76.02
                              0.00             0.00             0.00
  309 AFM025xd4   D8S1694           125.27           175.00            76.02
                              0.00             0.00             0.00
  310 AFM205yh4   D8S281            125.27           175.00            76.02
                              0.00             0.00             0.00
  311 GATA6B02    D8S592            125.27           175.00            76.02
                              0.00             0.00             0.00
  312 AFM259vb1   D8S527            125.27           175.00            76.02
                              0.22             0.06             0.34
  313 AFMa113ya5  D8S1698           125.49           175.06            76.36
                              0.65             0.71             0.91
  314 Mfd177A     D8S199            126.14           175.77            77.27
                              0.87             0.30             0.63
  315 AFM156xc3   D8S269            127.01           176.07            77.90
                              0.00             0.00             0.63
  316 GGAA8A04    D8S1112           127.01           176.07            78.53
                              0.00             0.00             0.00
  317 AFMa053xd9  D8S1823           127.01           176.07            78.53
                              0.00             0.84             0.00
  318 ATA92F08    Unknown           127.01           176.91            78.53
                              1.15             0.16             1.24
  319 AFM182ya3   D8S1728           128.16           177.07            79.77
                              0.00             0.07             0.00
  320 GATA11E08   D8S586            128.16           177.14            79.77
                              0.00             0.00             0.00
  321 Mfd169A     D8S198            128.16           177.14            79.77
                              0.00             0.00             0.00
  322 ATC2F06     D8S1101           128.16           177.14            79.77
                              0.61             1.16             0.00
  323 AFM297ye5   D8S1802           128.77           178.30            79.77
                              1.23             1.16             1.25
  324 KW328       D8S342            130.00           179.46            81.02
                              0.00             0.00             0.00
  325 AFMa059wa9  D8S1826           130.00           179.46            81.02
                              0.00             0.00             0.00
  326 AFMa239zc1  D8S1726           130.00           179.46            81.02
                              0.00             0.00             0.00
  327 AFM212we1   D8S514            130.00           179.46            81.02
                              1.69             3.48             0.00
  328 AFM312yg5   D8S1804           131.69           182.94            81.02
                              0.80             1.17             0.00
  329 AFMa071zd5  D8S1832           132.49           184.11            81.02
                              1.15             1.17             2.14
  330 AFM283xb5   D8S1799           133.64           185.28            83.16
                              1.44             2.33             0.00
  331 UT5320      D8S413            135.08           187.61            83.16
                              0.00             0.00             0.00
  332 GATA182E01  Unknown           135.08           187.61            83.16
                              0.00             0.89             0.00
  333 ATA42A09    D8S1461           135.08           188.50            83.16
                              0.00             0.12             0.00
  334 GATA7G07    D8S1179           135.08           188.62            83.16
                              1.42             0.16             0.23
  335 AFM151ye3   D8S266            136.50           188.78            83.39
                              1.42             1.16             2.99
  336 Mfd287      D8S350            137.92           189.94            86.38
                              0.00             0.00             0.00
  337 UT903       D8S1011           137.92           189.94            86.38
                              0.00             0.00             0.00
  338 AFM203xd10  D8S508            137.92           189.94            86.38
                              0.00             0.00             0.00
  339 AFMb321wc1  D8S1774           137.92           189.94            86.38
                              0.00             0.00             0.00
  340 AFMc014xf5  D8S1793           137.92           189.94            86.38
                              1.61             1.07             2.13
  341 GATA21C12   D8S1128           139.53           191.01            88.51
                              1.08             2.17             0.00
  342 AFMa197wg5  D8S1720           140.61           193.18            88.51
                              1.07             2.15             0.00
  343 AFM141xa5   D8S263            141.68           195.33            88.51
                              0.54             1.08             0.00
  344 AFMa084zd1  D8S1842           142.22           196.41            88.51
                              0.00             0.00             0.00
  345 AFMa119ve5  D8S1701           142.22           196.41            88.51
                              0.00             0.00             0.00
  346 UT456       D8S1017           142.22           196.41            88.51
                              0.00             0.00             0.00
  347 AFM287ye1   D8S1801           142.22           196.41            88.51
                              0.53             1.07             0.00
  348 AFMb339yc5  D8S1782           142.75           197.48            88.51
                              0.54             1.06             0.00
  349 AFMa312xh9  D8S1732           143.29           198.54            88.51
                              0.00             0.00             0.00
  350 AFMa041zf9  D8S1813           143.29           198.54            88.51
                              0.00             0.00             0.00
  351 AFMb335xe9  D8S1780           143.29           198.54            88.51
                              0.53             0.00             1.07
  352 AFM248td9   D8S284            143.82           198.54            89.58
                              0.54             1.07             0.00
  353 AFMa183zf1  D8S1712           144.36           199.61            89.58
                              0.00             0.00             0.00
  354 AFMb310zg9  D8S1765           144.36           199.61            89.58
                              1.61             0.00             3.21
  355 AFM347zg1   D8S557            145.97           199.61            92.79
                              0.00             0.00             0.00
  356 AFM351zh1   D8S558            145.97           199.61            92.79
                              0.00             0.00             0.00
  357 AFMa081wh5  D8S1835           145.97           199.61            92.79
                              1.07             1.07             0.33
  358 UT909       D8S378            147.04           200.68            93.12
                              0.00             0.00             0.75
  359 AFMb001wa9  D8S1740           147.04           200.68            93.87
                              1.08             0.68             1.07
  360 AFMa143xf5  D8S1708           148.12           201.36            94.94
                              0.00             0.40             0.00
  361 AFM073yb7   D8S256            148.12           201.76            94.94
                              0.00             0.00             0.00
  362 AFM259xc5   D8S529            148.12           201.76            94.94
                              0.00             0.00             0.00
  363 AFMc028ya9  D8S1796           148.12           201.76            94.94
                              1.34             2.15             0.50
  364 AFMb018wf5  D8S1746           149.46           203.91            95.44
                              1.05             1.17             0.55
  365 GGAA23E06   D8S1990           150.51           205.08            95.99
                              0.29             0.98             0.02
  366 AFMa175xc1  D8S1710           150.80           206.06            96.01
                              0.00             0.00             0.00
  367 AFM269zh1   D8S537            150.80           206.06            96.01
                              2.68             3.21             2.15
  368 AFM337wg5   D8S554            153.48           209.27            98.16
                              0.54             0.00             1.07
  369 AFM144xh4   D8S534            154.02           209.27            99.23
                              0.00             0.00             0.00
* 370 GATA27G08   Unknown           154.02           209.27            99.23
                              0.00             0.00             0.00
  371 ATC2D12     D8S1100           154.02           209.27            99.23
                              0.00             0.00             0.00
  372 AFM240zb4   D8S523            154.02           209.27            99.23
                              0.00             0.00             0.00
  373 AFM182xh12  D8S502            154.02           209.27            99.23
                              0.00             0.00             0.00
  374 AFM182xa3   D8S274            154.02           209.27            99.23
                              0.00             0.00             0.00
  375 AFM175xb4   D8S272            154.02           209.27            99.23
                              0.00             0.00             0.00
  376 AFMb340xd5  D8S1783           154.02           209.27            99.23
                              0.00             0.00             0.00
  377 AFM206yg5   D8S1753           154.02           209.27            99.23
                              0.00             0.00             0.00
  378 AFM214xg5   D8S1761           154.02           209.27            99.23
                              2.57             2.82             2.14
  379 AFMa083wg1  D8S1837           156.59           212.09           101.37
                              1.90             3.71             0.00
  380 UT645       D8S1521           158.49           215.80           101.37
                              0.00             0.00             0.00
  381 UT8052B     Unknown           158.49           215.80           101.37
                              1.92             3.38             0.00
  382 D8S29       D8S29             160.41           219.18           101.37
                              2.53             4.54             0.00
  383 AFMb011xg1  D8S1743           162.94           223.72           101.37
                              0.00             0.00             0.00
  384 AFMb007zd5  D8S1741           162.94           223.72           101.37
                              1.31             0.00             4.28
  385 AFMa119zh1  D8S1704           164.25           223.72           105.65
                              0.00             0.00             0.00
  386 AFMa191xf9  D8S1717           164.25           223.72           105.65
                              0.06             0.00             0.10
  387 UT743       D8S1520           164.31           223.72           105.75
                              0.07             0.00             0.10
  388 AFMa184yg5  D8S1713           164.38           223.72           105.85
                              0.09             0.00             0.11
  389 UT721       D8S373            164.47           223.72           105.96
                              0.08             0.00             0.11
  390 KW38        Unknown           164.55           223.72           106.07
                              0.26             0.00             0.67
  391 AFMa240yd9  D8S1727           164.81           223.72           106.74
                              0.00             0.00             0.00
  392 AFMb014xe1  D8S1744           164.81           223.72           106.74
                              1.12             0.00             2.17
  393 AFMb046zc1  D8S1751           165.93           223.72           108.91
                              0.00             0.00             0.00
  394 AFMa288zf1  D8S1729           165.93           223.72           108.91
                              0.00             0.00             0.00
  395 AFMa082wh9  D8S1836           165.93           223.72           108.91
                              1.97             0.00             4.14
  396 8QTEL11     D8S1925           167.90           223.72           113.05
                              0.00             0.00             0.00
  397 8QTEL25     D8S1926           167.90           223.72           113.05
                              0.00             0.00             0.00
  398 8QTEL54     D8S2334           167.90           223.72           113.05
