      Marker      Dnumber      sex-ave(cM)      female(cM)        male(cM)

    1 ATA6D06     D9S917              0.00             0.00             0.00
                              0.00             0.00             0.00
    2 AFM274xe1   D9S1858             0.00             0.00             0.00
                              0.00             0.00             0.00
    3 AFM026tg9   D9S1779             0.00             0.00             0.00
                              6.92             5.46             8.36
    4 Mfd141      D9S54               6.92             5.46             8.36
                              0.61             0.00             2.72
    5 GGAA20C01   Unknown             7.53             5.46            11.08
                              0.84             0.00             0.53
    6 AFM345ta9   D9S1871             8.37             5.46            11.61
                              1.46             0.00             3.10
    7 AFM242xh6   D9S178              9.83             5.46            14.71
                              0.00             0.00             0.00
    8 AFM362td1   D9S1873             9.83             5.46            14.71
                              0.00             0.00             0.00
    9 AFMa184wh5  D9S1792             9.83             5.46            14.71
                              0.00             0.00             0.00
   10 AFMa312zh1  D9S1813             9.83             5.46            14.71
                              0.00             0.00             0.00
   11 GGAA22E10   D9S939              9.83             5.46            14.71
                              0.00             0.00             0.00
   12 AFMa123xg1  D9S288              9.83             5.46            14.71
                              2.95             0.00             7.62
   13 AFMa302ze1  D9S1810            12.78             5.46            22.33
                              1.45             1.10             0.00
   14 GATA62F03   D9S2169            14.23             6.56            22.33
                              0.55             0.00             1.08
   15 AFMb344za9  D9S1852            14.78             6.56            23.41
                              0.00             0.00             0.00
   16 UT685       D9S230             14.78             6.56            23.41
                              0.00             0.00             0.00
   17 AFM238zc1   D9S1686            14.78             6.56            23.41
                              0.55             0.00             1.09
   18 AFMb334yd9  D9S1849            15.33             6.56            24.50
                              0.00             0.00             0.44
   19 AFM304th1   D9S281             15.33             6.56            24.94
                              2.73             4.40             0.32
   20 AFM320tc9   D9S1676            18.06            10.96            25.26
                              0.00             0.00             0.32
   21 AFM344yc9   D9S286             18.06            10.96            25.58
                              0.00             0.00             0.00
   22 AFMa037yb5  D9S1681            18.06            10.96            25.58
                              0.00             0.00             0.00
   23 GATA175H06  Unknown            18.06            10.96            25.58
                              3.82             3.31             4.33
   24 AFM158xf12  D9S168             21.88            14.27            29.91
                              0.00             0.00             0.00
   25 GATA21A06   D9S921             21.88            14.27            29.91
                              0.00             0.00             0.00
   26 GATA187D09  Unknown            21.88            14.27            29.91
                              0.00             0.00             0.68
   27 UT7622      D9S775             21.88            14.27            30.59
                              1.74             3.09             0.21
   28 UT764       D9S757             23.62            17.36            30.80
                              0.45             0.08             0.19
*  29 UT873       D9S759             24.07            17.44            30.99
                              0.00             0.15             0.00
   30 AFM261zh9   D9S269             24.07            17.59            30.99
                              0.00             0.00             0.00
   31 AFM161xd6   D9S256             24.07            17.59            30.99
                              2.17             3.30             0.62
   32 UT2420      D9S254             26.24            20.89            31.61
                              0.00             0.00             0.46
   33 AFM260ya5   D9S1687            26.24            20.89            32.07
                              0.00             0.00             0.00
   34 AFMa297we9  D9S1808            26.24            20.89            32.07
                              0.00             0.00             0.00
   35 AFM259ya5   D9S268             26.24            20.89            32.07
                              0.00             0.00             0.00
   36 AFM248wc9   D9S267             26.24            20.89            32.07
                              1.08             2.55             0.00
   37 UT727       D9S235             27.32            23.44            32.07
                              0.00             0.00             0.00
   38 AFM333zb5   D9S1869            27.32            23.44            32.07
                              1.10             0.00             1.07
   39 AFM282zh9   D9S274             28.42            23.44            33.14
                              1.10             3.31             0.00
   40 AFM339xd9   D9S285             29.52            26.75            33.14
                              1.09             1.92             0.00
   41 AFM051xd6   D9S156             30.61            28.67            33.14
                              0.00             0.00             0.00
   42 AFMa121yf1  D9S1782            30.61            28.67            33.14
                              0.00             0.00             1.16
   43 AFMb307wa5  D9S1839            30.61            28.67            34.30
                              1.63             1.10             1.00
   44 AFM067xd3   D9S157             32.24            29.77            35.30
                              0.00             0.00             0.61
*  45 GATA124D09  Unknown            32.24            29.77            35.91
                              2.18             3.30             0.46
   46 AFM115yb4   D9S162             34.42            33.07            36.37
                              0.00             0.03             0.00
   47 AFM191wb4   D9S1684            34.42            33.10            36.37
                              0.00             0.00             1.60
   48 AFMa119zg9  D9S1778            34.42            33.10            37.97
                              3.16             3.29             1.67
   49 AFMa337yh9  D9S1814            37.58            36.39            39.64
                              0.00             0.00             0.00
   50 AFM336ya9   D9S1870            37.58            36.39            39.64
                              0.00             0.00             0.00
   51 AFMb325zh9  D9S1846            37.58            36.39            39.64
                              5.15             6.21             3.22
*  52 AFM186xc3   D9S171             42.73            42.60            42.86
                              0.78             1.96             0.00
   53 AFMb072zc1  D9S1833            43.51            44.56            42.86
                              0.77             1.94             0.00
   54 AFM337tb5   D9S1679            44.28            46.50            42.86
                              0.00             0.00             0.00
   55 D9S126      D9S126             44.28            46.50            42.86
                              0.00             0.00             0.00
   56 GATA87E02   D9S1121            44.28            46.50            42.86
                              0.00             0.00             0.00
   57 AFM220zd4   D9S265             44.28            46.50            42.86
                              2.91             4.76             0.51
   58 AFM186xc7   D9S259             47.19            51.26            43.37
                              0.00             0.00             0.57
   59 GATA165A11  Unknown            47.19            51.26            43.94
                              2.01             2.38             1.07
   60 AFM164xg7   D9S169             49.20            53.64            45.01
                              2.01             4.82             0.00
   61 ATA18C09    D9S911             51.21            58.46            45.01
                              0.00             0.00             0.00
   62 AFMa050yh1  D9S1875            51.21            58.46            45.01
                              0.00             0.00             0.00
   63 UT5110      D9S761             51.21            58.46            45.01
                              0.00             0.00             0.00
   64 AFM123xd10  D9S270             51.21            58.46            45.01
                              0.00             0.00             0.00
   65 AFM329wc5   D9S1678            51.21            58.46            45.01
                              0.60             0.00             1.07
   66 Mfd121A     D9S104             51.81            58.46            46.08
                              0.00             0.00             0.00
   67 AFM087yd3   D9S161             51.81            58.46            46.08
                              0.00             0.00             0.00
   68 AFM212yg1   D9S263             51.81            58.46            46.08
                              0.00             0.00             0.00
   69 AFM321xf1   D9S1868            51.81            58.46            46.08
                              1.79             3.22             0.00
   70 AFMb347yh9  D9S1853            53.60            61.68            46.08
                              0.52             0.00             1.20
   71 UT6556      D9S772             54.12            61.68            47.28
                              0.38             0.00             0.96
   72 UT5132      D9S248             54.50            61.68            48.24
                              0.00             0.00             0.00
   73 UT2100      D9S251             54.50            61.68            48.24
                              0.00             0.00             0.00
   74 GATA137A02  Unknown            54.50            61.68            48.24
                              0.00             0.00             0.00
   75 Mfd271      D9S205             54.50            61.68            48.24
                              0.00             0.00             0.00
   76 GATA12C06   D9S319             54.50            61.68            48.24
                              0.00             0.00             0.00
   77 Mfd110      D9S52              54.50            61.68            48.24
                              0.00             0.00             0.00
   78 ATA65H08    Unknown            54.50            61.68            48.24
                              0.75             1.61             0.00
   79 Mfd14A      D9S43              55.25            63.29            48.24
                              3.01             1.63             4.27
   80 GATA5E06    D9S304             58.26            64.92            52.51
                              0.00             0.00             0.00
   81 AFM136xc5   D9S165             58.26            64.92            52.51
                              0.00             0.00             0.00
   82 GATA71E08   D9S1118            58.26            64.92            52.51
                              0.54             1.07             0.00
   83 AFM155xh4   D9S1788            58.80            65.99            52.51
                              0.00             0.00             0.00
   84 AFMb324xg1  D9S1845            58.80            65.99            52.51
                              0.54             1.08             0.00
   85 AFMa183za9  D9S1791            59.34            67.07            52.51
                              0.00             0.00             0.00
   86 AFMa345xb1  D9S1817            59.34            67.07            52.51
                              0.00             0.00             0.00
   87 D9S19       D9S19              59.34            67.07            52.51
                              0.00             0.00             0.00
   88 AFMa283xc9  D9S1805            59.34            67.07            52.51
                              0.00             0.00             0.00
   89 AFMa060zg9  D9S1878            59.34            67.07            52.51
                              0.53             1.07             0.00
   90 AFMa273xa5  D9S1804            59.87            68.14            52.51
                              0.00             0.00             0.00
   91 AFMa205zd9  D9S1794            59.87            68.14            52.51
                              0.00             0.00             0.00
   92 AFMc003za5  D9S1859            59.87            68.14            52.51
                              0.72             1.23             0.00
   93 Mfd85A      D9S50              60.59            69.37            52.51
                              0.79             1.81             0.00
   94 AFMa044ta5  D9S1874            61.38            71.18            52.51
                              0.38             0.72             0.00
   95 UT801       D9S238             61.76            71.90            52.51
                              0.00             0.00             0.00
   96 UT6405      D9S773             61.76            71.90            52.51
                              1.89             3.82             0.00
   97 UT792       Unknown            63.65            75.72            52.51
                              0.00             0.00             0.00
   98 UT840       D9S758             63.65            75.72            52.51
                              0.00             0.00             0.00
   99 GATA124G05  Unknown            63.65            75.72            52.51
                              1.07             2.14             0.00
  100 AFMa223yc9  D9S1800            64.72            77.86            52.51
                              0.00             0.00             0.00
  101 AFMa070wh1  D9S1879            64.72            77.86            52.51
                              0.00             0.00             0.00
  102 AFMc013yh5  D9S1862            64.72            77.86            52.51
                              0.00             0.00             0.00
  103 AFMb321zf1  D9S1844            64.72            77.86            52.51
                              0.00             0.00             0.00
  104 AFMa142yd1  D9S1787            64.72            77.86            52.51
                              0.00             0.00             0.00
  105 AFMa119vg9  D9S1777            64.72            77.86            52.51
                              0.00             0.00             0.00
  106 UT726       D9S234             64.72            77.86            52.51
                              1.07             2.15             0.00
  107 AFM280th5   D9S273             65.79            80.01            52.51
                              0.53             1.08             0.00
  108 AFMa218yf5  D9S1799            66.32            81.09            52.51
                              0.00             0.00             0.00
  109 GATA7D12    D9S301             66.32            81.09            52.51
                              0.00             0.00             0.00
  110 AFMa284zf1  D9S1806            66.32            81.09            52.51
                              0.00             0.00             0.00
  111 AFM144zg7   D9S166             66.32            81.09            52.51
                              0.54             0.00             1.07
  112 AFMb017zf5  D9S1822            66.86            81.09            53.58
                              0.53             1.07             0.00
  113 AFMb286xb5  D9S1837            67.39            82.16            53.58
                              0.00             0.00             0.00
  114 GGAA20D07   D9S1124            67.39            82.16            53.58
                              0.54             0.00             1.07
  115 AFMa054ze1  D9S1876            67.93            82.16            54.65
                              0.00             0.00             0.00
  116 D9S15       D9S15              67.93            82.16            54.65
                              0.00             0.28             0.00
  117 AFM287xd1   D9S276             67.93            82.44            54.65
                              0.00             0.47             0.00
  118 UT6023      D9S769             67.93            82.91            54.65
                              0.00             0.35             0.00
  119 UT739       D9S237             67.93            83.26            54.65
                              0.00             0.50             0.00
  120 GATA28C02   D9S927             67.93            83.76            54.65
                              0.00             0.48             0.00
  121 UT458       D9S226             67.93            84.24            54.65
                              2.40             0.49             2.13
  122 AFM331yh5   D9S284             70.33            84.73            56.78
                              0.00             0.00             0.00
  123 AFM224zh10  D9S175             70.33            84.73            56.78
                              2.70             4.48             1.08
  124 AFMb073xc1  D9S1834            73.03            89.21            57.86
                              0.00             0.00             0.00
  125 AFMc007xg9  D9S1860            73.03            89.21            57.86
                              0.00             0.00             0.00
  126 AFMa288xh5  D9S1807            73.03            89.21            57.86
                              2.85             4.66             0.83
  127 ASSP3       Unknown            75.88            93.87            58.69
                              0.00             0.00             0.24
  128 GATA89A11   D9S1122            75.88            93.87            58.93
                              0.79             1.33             0.00
  129 AFM144ye9   D9S1674            76.67            95.20            58.93
                              0.89             1.08             0.76
  130 GATA89C08   D9S1123            77.56            96.28            59.69
                              1.50             1.63             1.38
  131 AFM025yb2   D9S153             79.06            97.91            61.07
                              0.71             1.61             0.00
  132 AFM303xa9   D9S1867            79.77            99.52            61.07
                              0.54             1.08             0.00
  133 AFMb321yf9  D9S1843            80.31           100.60            61.07
                              0.00             0.00             0.00
  134 AFMa137wf9  D9S1785            80.31           100.60            61.07
                              0.00             0.00             0.00
  135 UT808       D9S781             80.31           100.60            61.07
                              0.00             0.00             0.00
  136 UT5024      D9S245             80.31           100.60            61.07
                              0.00             0.00             0.00
  137 GATA21F05   D9S922             80.31           100.60            61.07
                              0.00             0.00             0.00
  138 UT5494      D9S768             80.31           100.60            61.07
                              0.00             0.00             0.00
  139 GATA63A07   Unknown            80.31           100.60            61.07
                              0.00             0.00             0.00
  140 AFMa121wh9  D9S1780            80.31           100.60            61.07
                              1.07             0.00             2.13
  141 UT917       D9S244             81.38           100.60            63.20
                              0.54             1.07             0.00
  142 ATA38G03    Unknown            81.92           101.67            63.20
                              0.00             0.00             0.00
  143 GATA3D04    D9S303             81.92           101.67            63.20
                              0.00             0.00             0.00
  144 GATA171A04  Unknown            81.92           101.67            63.20
                              0.00             0.00             0.64
  145 AFM218xh10  D9S264             81.92           101.67            63.84
                              0.00             0.00             0.81
  146 UT1416      D9S764             81.92           101.67            64.65
                              1.49             0.00             0.70
  147 AFM157xb12  D9S167             83.41           101.67            65.35
                              1.49             3.79             0.00
  148 AFM015ya5   D9S152             84.90           105.46            65.35
                              0.00             0.00             0.00
  149 GATA152H04  Unknown            84.90           105.46            65.35
                              0.00             0.27             0.00
  150 GATA22H04   Unknown            84.90           105.73            65.35
                              0.79             1.00             0.00
  151 AFMa058yh9  D9S1877            85.69           106.73            65.35
                              1.60             1.98             2.16
  152 UT7655      D9S776             87.29           108.71            67.51
                              0.00             0.00             0.00
  153 AFMc028xh5  D9S1865            87.29           108.71            67.51
                              0.87             0.00             1.11
  154 UT1228      D9S249             88.16           108.71            68.62
                              0.76             0.00             1.06
  155 UT2103      D9S252             88.92           108.71            69.68
                              0.00             0.00             0.00
  156 GATA81C04   D9S1120            88.92           108.71            69.68
                              0.00             1.54             0.00
  157 AFMa155te1  D9S1790            88.92           110.25            69.68
                              1.48             0.00             2.86
* 158 AFM343td9   D9S1680            90.40           110.25            72.54
                              0.00             0.00             0.00
  159 AFMa311yc1  D9S1812            90.40           110.25            72.54
                              1.47             2.13             0.00
  160 AFM183xh10  D9S257             91.87           112.38            72.54
                              1.50             2.20             0.71
  161 UT7939      D9S777             93.37           114.58            73.25
                              1.48             2.18             0.72
  162 AFM295ye1   D9S278             94.85           116.76            73.97
                              0.00             0.00             0.00
  163 AFM318xc9   D9S283             94.85           116.76            73.97
                              0.00             0.00             0.00
  164 UT2399      D9S253             94.85           116.76            73.97
                              0.80             1.61             0.00
  165 AFMb014ye5  D9S1820            95.65           118.37            73.97
                              0.81             1.62             0.00
  166 GATA11A07   D9S318             96.46           119.99            73.97
                              0.00             0.00             0.00
  167 AFMa212wg9  D9S1797            96.46           119.99            73.97
                              0.53             1.08             0.00
  168 AFMb277wh1  D9S1836            96.99           121.07            73.97
                              0.54             0.00             1.07
  169 AFMa210ze5  D9S1796            97.53           121.07            75.04
                              0.53             0.00             1.07
  170 AFMb316yf1  D9S1842            98.06           121.07            76.11
                              1.34             0.00             3.21
  171 AFMa337zh1  D9S1815            99.40           121.07            79.32
                              0.00             0.00             0.00
  172 AFMa121xd5  D9S1781            99.40           121.07            79.32
                              0.00             0.00             0.00
  173 AFMb312xf9  D9S1841            99.40           121.07            79.32
                              1.34             2.14             0.00
  174 AFMa244wd9  D9S1803           100.74           123.21            79.32
                              0.00             0.00             0.00
  175 D9S151      D9S151            100.74           123.21            79.32
                              0.13             0.09             0.00
  176 AFM289wh1   D9S1689           100.87           123.30            79.32
                              0.02             0.06             0.00
  177 AFM238va7   D9S197            100.89           123.36            79.32
                              0.38             0.92             0.00
  178 AFM212yb4   D9S196            101.27           124.28            79.32
                              0.00             0.00             0.48
  179 UT8063      D9S753            101.27           124.28            79.80
                              0.72             0.00             0.59
  180 AFM304td9   D9S280            101.99           124.28            80.39
                              1.43             2.13             0.00
  181 UT1531      D9S765            103.42           126.41            80.39
                              0.00             0.00             0.00
  182 AFMa338yd9  D9S1816           103.42           126.41            80.39
                              0.00             0.00             0.00
  183 AFMb338xd5  D9S1851           103.42           126.41            80.39
                              0.00             0.00             0.00
  184 AFMa298we5  D9S1809           103.42           126.41            80.39
                              0.00             0.00             2.13
  185 AFM347zf5   D9S287            103.42           126.41            82.52
                              1.06             1.07             0.00
  186 ATA18A07    D9S910            104.48           127.48            82.52
                              0.00             0.00             0.00
  187 AFMa137yb9  D9S1786           104.48           127.48            82.52
                              0.00             0.00             0.00
  188 UT2372      D9S255            104.48           127.48            82.52
                              0.00             0.00             0.00
  189 UT6185      D9S771            104.48           127.48            82.52
                              0.54             0.00             1.07
  190 AFM200vd6   D9S173            105.02           127.48            83.59
                              0.00             0.00             0.00
  191 AFMb363xa9  D9S1857           105.02           127.48            83.59
                              0.00             0.00             0.00
  192 AFMa136vd1  D9S1783           105.02           127.48            83.59
                              0.00             0.00             0.00
  193 AFM168xb6   D9S180            105.02           127.48            83.59
                              0.00             0.00             0.00
  194 AFM225xf10  D9S176            105.02           127.48            83.59
                              0.00             0.00             0.00
  195 UT1277      D9S763            105.02           127.48            83.59
                              0.00             0.00             0.00
  196 UT844       D9S750            105.02           127.48            83.59
                              0.00             0.00             0.00
  197 AFM276ye1   D9S272            105.02           127.48            83.59
                              0.80             0.00             1.61
  198 GATA190G05  Unknown           105.82           127.48            85.20
                              0.81             0.00             1.61
  199 AFM294xc9   D9S1690           106.63           127.48            86.81
                              3.22             6.46             0.00
  200 AFM263zf1   D9S271            109.85           133.94            86.81
                              0.00             0.00             0.00
  201 Mfd135A     D9S53             109.85           133.94            86.81
                              0.00             0.00             0.00
  202 AFM291xc5   D9S277            109.85           133.94            86.81
                              1.06             1.09             0.25
  203 AFM064xe5   D9S1866           110.91           135.03            87.06
                              0.01             0.30             0.46
  204 MFD220      D9S306            110.92           135.33            87.52
                              0.01             0.40             0.36
  205 GGAA22E01   D9S938            110.93           135.73            87.88
                              1.06             0.37             1.07
  206 AFM199xf10  D9S172            111.99           136.10            88.95
                              0.00             0.00             0.00
  207 AFMa136xa5  D9S1784           111.99           136.10            88.95
                              0.61             1.22             0.00
  208 AFMb046yd5  D9S1832           112.60           137.32            88.95
                              4.07             7.40             1.07
  209 AFMa238zf5  D9S1801           116.67           144.72            90.02
                              0.70             0.00             1.07
  210 AFM079ze1   D9S160            117.37           144.72            91.09
                              0.00             0.00             0.00
  211 GGAT3G09    D9S2026           117.37           144.72            91.09
                              0.00             0.00             0.00
  212 AFM210ze7   D9S261            117.37           144.72            91.09
                              0.00             0.00             0.00
  213 AFM320yc5   D9S1677           117.37           144.72            91.09
                              0.00             0.00             0.00
  214 AFMb074wf9  D9S1835           117.37           144.72            91.09
                              2.67             3.21             2.14
  215 AFMb360xc9  D9S1856           120.04           147.93            93.23
                              0.00             0.00             0.00
  216 AFMa071zd1  D9S1880           120.04           147.93            93.23
                              0.00             0.00             0.00
  217 Mfd178A     D9S105            120.04           147.93            93.23
                              0.00             0.00             0.00
  218 AFM284vg1   D9S1688           120.04           147.93            93.23
                              0.00             0.00             0.00
  219 GATA48D07   D9S930            120.04           147.93            93.23
                              0.00             0.00             0.00
  220 GATA23H11   D9S2128           120.04           147.93            93.23
                              0.00             0.00             0.00
  221 AFM207xa1   D9S174            120.04           147.93            93.23
                              0.00             0.00             0.00
  222 AFMa081wd1  D9S1683           120.04           147.93            93.23
                              0.00             0.00             0.00
* 223 AFM297wb1   D9S279            120.04           147.93            93.23
                              0.00             0.00             0.00
  224 AFM211wc9   D9S262            120.04           147.93            93.23
                              0.00             0.00             0.00
  225 AFM205tg6   D9S1828           120.04           147.93            93.23
                              0.00             0.00             0.00
  226 AFM303ta9   D9S1675           120.04           147.93            93.23
                              0.00             0.00             0.00
  227 AFMb357ya9  D9S1854           120.04           147.93            93.23
                              0.73             1.12             0.00
  228 AFMa131yc1  D9S289            120.77           149.05            93.23
                              1.46             0.39             2.13
  229 UT8065      D9S779            122.23           149.44            95.36
                              0.00             0.36             0.00
  230 UT1913      D9S1162           122.23           149.80            95.36
                              0.00             0.37             0.00
  231 AFMb025ye1  D9S1824           122.23           150.17            95.36
                              1.10             2.22             0.00
  232 Mfd94       D9S51             123.33           152.39            95.36
                              0.00             0.00             0.00
  233 HXB         Unknown           123.33           152.39            95.36
                              0.00             0.00             0.00
  234 AFMa113yb5  D9S1776           123.33           152.39            95.36
                              0.00             0.00             0.00
  235 AFMb357za9  D9S1855           123.33           152.39            95.36
                              0.00             0.00             0.00
  236 GATA4D10    D9S302            123.33           152.39            95.36
                              0.54             1.11             0.00
  237 AFM234yc5   D9S177            123.87           153.50            95.36
                              0.00             0.00             0.00
  238 GATA27B07   D9S926            123.87           153.50            95.36
                              0.00             0.00             0.00
* 239 GGAA16D02   D9S907            123.87           153.50            95.36
                              0.00             0.00             0.00
  240 GATA123E07  Unknown           123.87           153.50            95.36
                              0.46             0.00             0.63
  241 AFM042xh4   D9S155            124.33           153.50            95.99
                              0.42             0.00             0.98
  242 AFM164ya11  D9S170            124.75           153.50            96.97
                              0.43             0.00             0.80
  243 UT6090      D9S737            125.18           153.50            97.77
                              0.45             0.00             0.81
  244 AFM028ye5   D9S154            125.63           153.50            98.58
                              0.00             0.00             0.00
  245 UT913       D9S241            125.63           153.50            98.58
                              0.00             0.00             0.00
  246 AFMa239xc5  D9S1802           125.63           153.50            98.58
                              0.78             1.81             0.00
  247 AFMa304xb9  D9S1811           126.41           155.31            98.58
                              0.00             0.00             0.00
  248 FB26C4      D9S754            126.41           155.31            98.58
                              1.57             2.95             0.00
  249 AFMc027xh1  D9S1864           127.98           158.26            98.58
                              0.00             1.81             0.00
  250 GATA116F11  Unknown           127.98           160.07            98.58
                              0.00             0.00             0.00
* 251 GATA64G07   D9S934            127.98           160.07            98.58
                              0.00             0.00             0.00
  252 AFM286yc5   D9S275            127.98           160.07            98.58
                              1.76             0.00             2.14
  253 AFM347zf9   D9S1872           129.74           160.07           100.72
                              0.00             0.00             0.00
  254 AFM193yg5   D9S195            129.74           160.07           100.72
                              0.00             0.03             0.00
  255 AFMb333yb9  D9S1848           129.74           160.10           100.72
                              0.78             0.03             1.07
  256 GATA65D11   D9S1116           130.52           160.13           101.79
                              0.00             0.63             0.00
  257 AFM185xe3   D9S258            130.52           160.76           101.79
                              1.57             0.63             2.14
  258 GATA154A06  Unknown           132.09           161.39           103.93
                              0.00             0.00             0.00
  259 AFMb335xh1  D9S1850           132.09           161.39           103.93
                              0.00             0.00             0.00
  260 AFMb022xb5  D9S1823           132.09           161.39           103.93
                              0.00             0.00             0.00
  261 AFMa139xb9  D9S1685           132.09           161.39           103.93
                              0.00             0.00             0.00
  262 Mfd77       D9S103            132.09           161.39           103.93
                              0.00             0.00             0.00
  263 UT1231      D9S250            132.09           161.39           103.93
                              0.00             0.01             0.00
  264 AFMa061xd9  D9S1682           132.09           161.40           103.93
                              3.76             4.45             1.95
  265 UT914       D9S242            135.85           165.85           105.88
                              0.00             0.00             0.67
  266 UT7968      D9S778            135.85           165.85           106.55
                              0.00             0.00             0.61
* 267 AFMa081wa9  D9S1881           135.85           165.85           107.16
                              0.62             0.00             0.54
  268 AFMb312xa5  D9S1840           136.47           165.85           107.70
                              0.00             0.00             0.53
  269 AFMa212xg9  D9S1798           136.47           165.85           108.23
                              0.00             0.00             0.00
  270 AFM308vb1   D9S282            136.47           165.85           108.23
                              0.00             0.00             0.00
  271 AFMb029xg1  D9S1825           136.47           165.85           108.23
                              0.00             0.00             0.00
  272 ATC2B11     Unknown           136.47           165.85           108.23
                              0.00             0.00             0.00
  273 AFM225yh2   D9S266            136.47           165.85           108.23
                              0.00             0.00             0.00
  274 AFMa152zg1  D9S1789           136.47           165.85           108.23
                              0.00             0.00             0.00
  275 AFMb006xb5  D9S1819           136.47           165.85           108.23
                              0.00             0.00             0.00
  276 ATA3H11     D9S904            136.47           165.85           108.23
                              0.00             0.00             0.00
  277 AFMb034yc1  D9S1829           136.47           165.85           108.23
                              0.88             1.87             0.00
  278 AFMb017wb5  D9S1821           137.35           167.72           108.23
                              3.51             3.74             3.20
  279 AFMa131yg9  D9S290            140.86           171.46           111.43
                              0.00             0.00             0.00
  280 AFMb032yb9  D9S1827           140.86           171.46           111.43
                              0.00             0.00             0.00
  281 AFM206za9   D9S260            140.86           171.46           111.43
                              0.83             1.69             0.00
  282 UT6068      D9S752            141.69           173.15           111.43
                              0.82             1.68             0.00
  283 AFMa205zf1  D9S1795           142.51           174.83           111.43
                              0.00             0.00             0.00
  284 UT1892      D9S766            142.51           174.83           111.43
                              0.00             0.00             0.00
  285 DBH         Unknown           142.51           174.83           111.43
                              0.00             0.00             0.00
  286 AFM077xa9   D9S159            142.51           174.83           111.43
                              0.55             0.00             1.07
  287 AFMb045yh1  D9S1831           143.06           174.83           112.50
                              0.00             0.00             0.00
  288 9QTEL56     Unknown           143.06           174.83           112.50
                              1.07             2.13             0.00
  289 AFMc010yh5  D9S1861           144.13           176.96           112.50
                              0.00             0.00             0.00
  290 AFMc016xh9  D9S1863           144.13           176.96           112.50
                              0.54             1.08             0.00
  291 AFM248wf1   D9S179            144.67           178.04           112.50
                              0.00             0.00             0.00
  292 AFM249yh9   D9S1847           144.67           178.04           112.50
                              0.54             0.00             1.08
  293 AFMb036xf5  D9S1830           145.21           178.04           113.58
                              0.00             0.00             1.04
  294 ATA25F10    D9S915            145.21           178.04           114.62
                              1.62             2.16             0.04
* 295 ATA63D01    Unknown           146.83           180.20           114.66
                              1.08             1.09             0.56
  296 AFM122xf4   D9S164            147.91           181.29           115.22
                              0.00             0.00             0.53
  297 AFMa191yb5  D9S1793           147.91           181.29           115.75
                              3.01             2.46             3.56
  298 AFMb001ve9  D9S1818           150.92           183.75           119.31
                              8.69             6.88            10.45
  299 AFMb030zg9  D9S1826           159.61           190.63           129.76
                              2.06             2.28             0.99
  300 UT2361      Unknown           161.67           192.91           130.75
                              0.04             0.00             0.98
  301 AFM073yb11  D9S158            161.71           192.91           131.73
                              2.13             0.00             4.56
  302 AFMb303zg9  D9S1838           163.84           192.91           136.29
                              0.00             0.00             0.00
  303 GAAT1C06b   D9S905            163.84           192.91           136.29
                              5.14             0.00             6.85
  304 9QTEL33     D9S2168           168.98           192.91           143.14
